N = 1: prop = 1.0000
[-1.0000, -1.0000, -1.0000, -1.0000, -1.0000, 1.0000, -1.0000, 1.0000, 1.0000, 1.0000, 1.0000, 1.0000, 1.0000, 1.0000, 1.0000, 1.0000, 1.0000, 1.0000, 1.0000, 1.0000, 1.0000, 1.0000, 1.0000, 1.0000, 1.0000, 1.0000, 1.0000, 1.0000, 1.0000, 1.0000, 1.0000, 1.0000, 1.0000, 1.0000, 1.0000, 1.0000, 1.0000, 1.0000, 1.0000, 1.0000, 1.0000, 1.0000, 1.0000, 1.0000, 1.0000, 1.0000, 1.0000, 1.0000, 1.0000, 1.0000, 1.0000, 1.0000, 1.0000, 1.0000, 1.0000, 1.0000, 1.0000, 1.0000, 1.0000, 1.0000, 1.0000, 1.0000, 1.0000, 1.0000, 1.0000, 1.0000, 1.0000, 1.0000, 1.0000, 1.0000, 1.0000, 1.0000, 1.0000, 1.0000, 1.0000, 1.0000, 1.0000, 1.0000, 1.0000, 1.0000, 1.0000, 1.0000, 1.0000, 1.0000, 1.0000, 1.0000, 1.0000, 1.0000, 1.0000, 1.0000, 1.0000, 1.0000, 1.0000, 1.0000, 1.0000, 1.0000, 1.0000, 1.0000, 1.0000, 1.0000, 1.0000, 1.0000, 1.0000, 1.0000, 1.0000, 1.0000, 1.0000, 1.0000, 1.0000, 1.0000, 1.0000, 1.0000, 1.0000, 1.0000, 1.0000, 1.0000, 1.0000, 1.0000, 1.0000, 1.0000, 1.0000, 1.0000, 1.0000, 1.0000, 1.0000, 1.0000, 1.0000, 1.0000, 1.0000, 1.0000, 1.0000, 1.0000, 1.0000, 1.0000, 1.0000, 1.0000, 1.0000, 1.0000, 1.0000, 1.0000, 1.0000, 1.0000, 1.0000, 1.0000, 1.0000, 1.0000, 1.0000, 1.0000, 1.0000, 1.0000, 1.0000, 1.0000, 1.0000, 1.0000, 1.0000, 1.0000, 1.0000, 1.0000, 1.0000, 1.0000, 1.0000, 1.0000, 1.0000, 1.0000, 1.0000, 1.0000, 1.0000, 1.0000, 1.0000, 1.0000, 1.0000, 1.0000, 1.0000, 1.0000, 1.0000, 1.0000, 1.0000, 1.0000, 1.0000, 1.0000, 1.0000, 1.0000, 1.0000, 1.0000, 1.0000, 1.0000, 1.0000, 1.0000, 1.0000, 1.0000, 1.0000, 1.0000, 1.0000, 1.0000, 1.0000, 1.0000, 1.0000, 1.0000, 1.0000, 1.0000]

N = 2: prop = 0.5000
[-1.0000, -1.0000, -1.0000, 1.0000, 0.0000, -1.0000, 0.5000, 1.0000, 0.0000, 0.5000, 0.5000, 1.0000, 0.3333, 0.5000, 0.5000, 0.6667, 0.3333, 0.5000, 0.5000, 0.6667, 0.3333, 0.5000, 0.5000, 0.6667, 0.4000, 0.5000, 0.5000, 0.6000, 0.4000, 0.5000, 0.5000, 0.6000, 0.4000, 0.5000, 0.5000, 0.6000, 0.4286, 0.5000, 0.5000, 0.5714, 0.4286, 0.5000, 0.5000, 0.5714, 0.4286, 0.5000, 0.5000, 0.5714, 0.4444, 0.5000, 0.5000, 0.5556, 0.4444, 0.5000, 0.5000, 0.5556, 0.4444, 0.5000, 0.5000, 0.5556, 0.4545, 0.5000, 0.5000, 0.5455, 0.4545, 0.5000, 0.5000, 0.5455, 0.4545, 0.5000, 0.5000, 0.5455, 0.4615, 0.5000, 0.5000, 0.5385, 0.4615, 0.5000, 0.5000, 0.5385, 0.4615, 0.5000, 0.5000, 0.5385, 0.4667, 0.5000, 0.5000, 0.5333, 0.4667, 0.5000, 0.5000, 0.5333, 0.4667, 0.5000, 0.5000, 0.5333, 0.4706, 0.5000, 0.5000, 0.5294, 0.4706, 0.5000, 0.5000, 0.5294, 0.4706, 0.5000, 0.5000, 0.5294, 0.4737, 0.5000, 0.5000, 0.5263, 0.4737, 0.5000, 0.5000, 0.5263, 0.4737, 0.5000, 0.5000, 0.5263, 0.4762, 0.5000, 0.5000, 0.5238, 0.4762, 0.5000, 0.5000, 0.5238, 0.4762, 0.5000, 0.5000, 0.5238, 0.4783, 0.5000, 0.5000, 0.5217, 0.4783, 0.5000, 0.5000, 0.5217, 0.4783, 0.5000, 0.5000, 0.5217, 0.4800, 0.5000, 0.5000, 0.5200, 0.4800, 0.5000, 0.5000, 0.5200, 0.4800, 0.5000, 0.5000, 0.5200, 0.4815, 0.5000, 0.5000, 0.5185, 0.4815, 0.5000, 0.5000, 0.5185, 0.4815, 0.5000, 0.5000, 0.5185, 0.4828, 0.5000, 0.5000, 0.5172, 0.4828, 0.5000, 0.5000, 0.5172, 0.4828, 0.5000, 0.5000, 0.5172, 0.4839, 0.5000, 0.5000, 0.5161, 0.4839, 0.5000, 0.5000, 0.5161, 0.4839, 0.5000, 0.5000, 0.5161, 0.4848, 0.5000, 0.5000, 0.5152, 0.4848, 0.5000, 0.5000, 0.5152]

N = 3: prop = 0.5000
[-1.0000, -1.0000, 0.0000, 1.0000, 0.5000, 1.0000, 0.3333, 0.5000, 0.3333, 0.6667, 0.5000, 0.6667, 0.4000, 0.5000, 0.4000, 0.6000, 0.5000, 0.6000, 0.4286, 0.5000, 0.4286, 0.5714, 0.5000, 0.5714, 0.4444, 0.5000, 0.4444, 0.5556, 0.5000, 0.5556, 0.4545, 0.5000, 0.4545, 0.5455, 0.5000, 0.5455, 0.4615, 0.5000, 0.4615, 0.5385, 0.5000, 0.5385, 0.4667, 0.5000, 0.4667, 0.5333, 0.5000, 0.5333, 0.4706, 0.5000, 0.4706, 0.5294, 0.5000, 0.5294, 0.4737, 0.5000, 0.4737, 0.5263, 0.5000, 0.5263, 0.4762, 0.5000, 0.4762, 0.5238, 0.5000, 0.5238, 0.4783, 0.5000, 0.4783, 0.5217, 0.5000, 0.5217, 0.4800, 0.5000, 0.4800, 0.5200, 0.5000, 0.5200, 0.4815, 0.5000, 0.4815, 0.5185, 0.5000, 0.5185, 0.4828, 0.5000, 0.4828, 0.5172, 0.5000, 0.5172, 0.4839, 0.5000, 0.4839, 0.5161, 0.5000, 0.5161, 0.4848, 0.5000, 0.4848, 0.5152, 0.5000, 0.5152, 0.4857, 0.5000, 0.4857, 0.5143, 0.5000, 0.5143, 0.4865, 0.5000, 0.4865, 0.5135, 0.5000, 0.5135, 0.4872, 0.5000, 0.4872, 0.5128, 0.5000, 0.5128, 0.4878, 0.5000, 0.4878, 0.5122, 0.5000, 0.5122, 0.4884, 0.5000, 0.4884, 0.5116, 0.5000, 0.5116, 0.4889, 0.5000, 0.4889, 0.5111, 0.5000, 0.5111, 0.4894, 0.5000, 0.4894, 0.5106, 0.5000, 0.5106, 0.4898, 0.5000, 0.4898, 0.5102, 0.5000, 0.5102, 0.4902, 0.5000, 0.4902, 0.5098, 0.5000, 0.5098, 0.4906, 0.5000, 0.4906, 0.5094, 0.5000, 0.5094, 0.4909, 0.5000, 0.4909, 0.5091, 0.5000, 0.5091, 0.4912, 0.5000, 0.4912, 0.5088, 0.5000, 0.5088, 0.4915, 0.5000, 0.4915, 0.5085, 0.5000, 0.5085, 0.4918, 0.5000, 0.4918, 0.5082, 0.5000, 0.5082, 0.4921, 0.5000, 0.4921, 0.5079, 0.5000, 0.5079, 0.4923, 0.5000, 0.4923, 0.5077, 0.5000, 0.5077, 0.4925, 0.5000]

N = 4: prop = 0.0000
[-1.0000, -1.0000, 0.0000, -1.0000, 0.0000, 0.0000, 0.0000, 0.0000, 0.0000, 0.0000, 0.0000, 0.0000, 0.0000, 0.0000, 0.0000, 0.0000, 0.0000, 0.0000, 0.0000, 0.0000, 0.0000, 0.0000, 0.0000, 0.0000, 0.0000, 0.0000, 0.0000, 0.0000, 0.0000, 0.0000, 0.0000, 0.0000, 0.0000, 0.0000, 0.0000, 0.0000, 0.0000, 0.0000, 0.0000, 0.0000, 0.0000, 0.0000, 0.0000, 0.0000, 0.0000, 0.0000, 0.0000, 0.0000, 0.0000, 0.0000, 0.0000, 0.0000, 0.0000, 0.0000, 0.0000, 0.0000, 0.0000, 0.0000, 0.0000, 0.0000, 0.0000, 0.0000, 0.0000, 0.0000, 0.0000, 0.0000, 0.0000, 0.0000, 0.0000, 0.0000, 0.0000, 0.0000, 0.0000, 0.0000, 0.0000, 0.0000, 0.0000, 0.0000, 0.0000, 0.0000, 0.0000, 0.0000, 0.0000, 0.0000, 0.0000, 0.0000, 0.0000, 0.0000, 0.0000, 0.0000, 0.0000, 0.0000, 0.0000, 0.0000, 0.0000, 0.0000, 0.0000, 0.0000, 0.0000, 0.0000, 0.0000, 0.0000, 0.0000, 0.0000, 0.0000, 0.0000, 0.0000, 0.0000, 0.0000, 0.0000, 0.0000, 0.0000, 0.0000, 0.0000, 0.0000, 0.0000, 0.0000, 0.0000, 0.0000, 0.0000, 0.0000, 0.0000, 0.0000, 0.0000, 0.0000, 0.0000, 0.0000, 0.0000, 0.0000, 0.0000, 0.0000, 0.0000, 0.0000, 0.0000, 0.0000, 0.0000, 0.0000, 0.0000, 0.0000, 0.0000, 0.0000, 0.0000, 0.0000, 0.0000, 0.0000, 0.0000, 0.0000, 0.0000, 0.0000, 0.0000, 0.0000, 0.0000, 0.0000, 0.0000, 0.0000, 0.0000, 0.0000, 0.0000, 0.0000, 0.0000, 0.0000, 0.0000, 0.0000, 0.0000, 0.0000, 0.0000, 0.0000, 0.0000, 0.0000, 0.0000, 0.0000, 0.0000, 0.0000, 0.0000, 0.0000, 0.0000, 0.0000, 0.0000, 0.0000, 0.0000, 0.0000, 0.0000, 0.0000, 0.0000, 0.0000, 0.0000, 0.0000, 0.0000, 0.0000, 0.0000, 0.0000, 0.0000, 0.0000, 0.0000, 0.0000, 0.0000, 0.0000, 0.0000, 0.0000, 0.0000]

N = 5: prop = 0.5000
[-1.0000, 1.0000, 0.0000, 0.6667, 0.3333, 0.6667, 0.4000, 0.6000, 0.4000, 0.5714, 0.4286, 0.5714, 0.4444, 0.5556, 0.4444, 0.5455, 0.4545, 0.5455, 0.4615, 0.5385, 0.4615, 0.5333, 0.4667, 0.5333, 0.4706, 0.5294, 0.4706, 0.5263, 0.4737, 0.5263, 0.4762, 0.5238, 0.4762, 0.5217, 0.4783, 0.5217, 0.4800, 0.5200, 0.4800, 0.5185, 0.4815, 0.5185, 0.4828, 0.5172, 0.4828, 0.5161, 0.4839, 0.5161, 0.4848, 0.5152, 0.4848, 0.5143, 0.4857, 0.5143, 0.4865, 0.5135, 0.4865, 0.5128, 0.4872, 0.5128, 0.4878, 0.5122, 0.4878, 0.5116, 0.4884, 0.5116, 0.4889, 0.5111, 0.4889, 0.5106, 0.4894, 0.5106, 0.4898, 0.5102, 0.4898, 0.5098, 0.4902, 0.5098, 0.4906, 0.5094, 0.4906, 0.5091, 0.4909, 0.5091, 0.4912, 0.5088, 0.4912, 0.5085, 0.4915, 0.5085, 0.4918, 0.5082, 0.4918, 0.5079, 0.4921, 0.5079, 0.4923, 0.5077, 0.4923, 0.5075, 0.4925, 0.5075, 0.4928, 0.5072, 0.4928, 0.5070, 0.4930, 0.5070, 0.4932, 0.5068, 0.4932, 0.5067, 0.4933, 0.5067, 0.4935, 0.5065, 0.4935, 0.5063, 0.4937, 0.5063, 0.4938, 0.5062, 0.4938, 0.5060, 0.4940, 0.5060, 0.4941, 0.5059, 0.4941, 0.5057, 0.4943, 0.5057, 0.4944, 0.5056, 0.4944, 0.5055, 0.4945, 0.5055, 0.4946, 0.5054, 0.4946, 0.5053, 0.4947, 0.5053, 0.4948, 0.5052, 0.4948, 0.5051, 0.4949, 0.5051, 0.4950, 0.5050, 0.4950, 0.5049, 0.4951, 0.5049, 0.4952, 0.5048, 0.4952, 0.5047, 0.4953, 0.5047, 0.4954, 0.5046, 0.4954, 0.5045, 0.4955, 0.5045, 0.4956, 0.5044, 0.4956, 0.5043, 0.4957, 0.5043, 0.4957, 0.5043, 0.4957, 0.5042, 0.4958, 0.5042, 0.4959, 0.5041, 0.4959, 0.5041, 0.4959, 0.5041, 0.4960, 0.5040, 0.4960, 0.5039, 0.4961, 0.5039, 0.4961, 0.5039, 0.4961, 0.5038, 0.4962, 0.5038, 0.4962, 0.5038]

N = 6: prop = 0.5000
[-1.0000, 1.0000, 0.0000, 1.0000, 0.0000, 0.6667, 0.0000, 0.6667, 0.3333, 0.6667, 0.3333, 0.6000, 0.3333, 0.6000, 0.4000, 0.6000, 0.4000, 0.5714, 0.4000, 0.5714, 0.4286, 0.5714, 0.4286, 0.5556, 0.4286, 0.5556, 0.4444, 0.5556, 0.4444, 0.5455, 0.4444, 0.5455, 0.4545, 0.5455, 0.4545, 0.5385, 0.4545, 0.5385, 0.4615, 0.5385, 0.4615, 0.5333, 0.4615, 0.5333, 0.4667, 0.5333, 0.4667, 0.5294, 0.4667, 0.5294, 0.4706, 0.5294, 0.4706, 0.5263, 0.4706, 0.5263, 0.4737, 0.5263, 0.4737, 0.5238, 0.4737, 0.5238, 0.4762, 0.5238, 0.4762, 0.5217, 0.4762, 0.5217, 0.4783, 0.5217, 0.4783, 0.5200, 0.4783, 0.5200, 0.4800, 0.5200, 0.4800, 0.5185, 0.4800, 0.5185, 0.4815, 0.5185, 0.4815, 0.5172, 0.4815, 0.5172, 0.4828, 0.5172, 0.4828, 0.5161, 0.4828, 0.5161, 0.4839, 0.5161, 0.4839, 0.5152, 0.4839, 0.5152, 0.4848, 0.5152, 0.4848, 0.5143, 0.4848, 0.5143, 0.4857, 0.5143, 0.4857, 0.5135, 0.4857, 0.5135, 0.4865, 0.5135, 0.4865, 0.5128, 0.4865, 0.5128, 0.4872, 0.5128, 0.4872, 0.5122, 0.4872, 0.5122, 0.4878, 0.5122, 0.4878, 0.5116, 0.4878, 0.5116, 0.4884, 0.5116, 0.4884, 0.5111, 0.4884, 0.5111, 0.4889, 0.5111, 0.4889, 0.5106, 0.4889, 0.5106, 0.4894, 0.5106, 0.4894, 0.5102, 0.4894, 0.5102, 0.4898, 0.5102, 0.4898, 0.5098, 0.4898, 0.5098, 0.4902, 0.5098, 0.4902, 0.5094, 0.4902, 0.5094, 0.4906, 0.5094, 0.4906, 0.5091, 0.4906, 0.5091, 0.4909, 0.5091, 0.4909, 0.5088, 0.4909, 0.5088, 0.4912, 0.5088, 0.4912, 0.5085, 0.4912, 0.5085, 0.4915, 0.5085, 0.4915, 0.5082, 0.4915, 0.5082, 0.4918, 0.5082, 0.4918, 0.5079, 0.4918, 0.5079, 0.4921, 0.5079, 0.4921, 0.5077, 0.4921, 0.5077, 0.4923, 0.5077, 0.4923, 0.5075, 0.4923, 0.5075]

N = 7: prop = 0.5000
[-1.0000, 1.0000, 0.3333, 0.6667, 0.4000, 0.6000, 0.4286, 0.5714, 0.4444, 0.5556, 0.4545, 0.5455, 0.4615, 0.5385, 0.4667, 0.5333, 0.4706, 0.5294, 0.4737, 0.5263, 0.4762, 0.5238, 0.4783, 0.5217, 0.4800, 0.5200, 0.4815, 0.5185, 0.4828, 0.5172, 0.4839, 0.5161, 0.4848, 0.5152, 0.4857, 0.5143, 0.4865, 0.5135, 0.4872, 0.5128, 0.4878, 0.5122, 0.4884, 0.5116, 0.4889, 0.5111, 0.4894, 0.5106, 0.4898, 0.5102, 0.4902, 0.5098, 0.4906, 0.5094, 0.4909, 0.5091, 0.4912, 0.5088, 0.4915, 0.5085, 0.4918, 0.5082, 0.4921, 0.5079, 0.4923, 0.5077, 0.4925, 0.5075, 0.4928, 0.5072, 0.4930, 0.5070, 0.4932, 0.5068, 0.4933, 0.5067, 0.4935, 0.5065, 0.4937, 0.5063, 0.4938, 0.5062, 0.4940, 0.5060, 0.4941, 0.5059, 0.4943, 0.5057, 0.4944, 0.5056, 0.4945, 0.5055, 0.4946, 0.5054, 0.4947, 0.5053, 0.4948, 0.5052, 0.4949, 0.5051, 0.4950, 0.5050, 0.4951, 0.5049, 0.4952, 0.5048, 0.4953, 0.5047, 0.4954, 0.5046, 0.4955, 0.5045, 0.4956, 0.5044, 0.4957, 0.5043, 0.4957, 0.5043, 0.4958, 0.5042, 0.4959, 0.5041, 0.4959, 0.5041, 0.4960, 0.5040, 0.4961, 0.5039, 0.4961, 0.5039, 0.4962, 0.5038, 0.4962, 0.5038, 0.4963, 0.5037, 0.4964, 0.5036, 0.4964, 0.5036, 0.4965, 0.5035, 0.4965, 0.5035, 0.4966, 0.5034, 0.4966, 0.5034, 0.4966, 0.5034, 0.4967, 0.5033, 0.4967, 0.5033, 0.4968, 0.5032, 0.4968, 0.5032, 0.4969, 0.5031, 0.4969, 0.5031, 0.4969, 0.5031, 0.4970, 0.5030, 0.4970, 0.5030, 0.4970, 0.5030, 0.4971, 0.5029, 0.4971, 0.5029, 0.4971, 0.5029, 0.4972, 0.5028, 0.4972, 0.5028, 0.4972, 0.5028, 0.4973, 0.5027, 0.4973, 0.5027, 0.4973, 0.5027, 0.4974, 0.5026, 0.4974, 0.5026, 0.4974, 0.5026, 0.4974, 0.5026, 0.4975, 0.5025, 0.4975, 0.5025]

N = 8: prop = 0.5000
[-1.0000, 1.0000, 0.0000, 0.5000, 0.5000, 0.6667, 0.3333, 0.5000, 0.5000, 0.6000, 0.4000, 0.5000, 0.5000, 0.5714, 0.4286, 0.5000, 0.5000, 0.5556, 0.4444, 0.5000, 0.5000, 0.5455, 0.4545, 0.5000, 0.5000, 0.5385, 0.4615, 0.5000, 0.5000, 0.5333, 0.4667, 0.5000, 0.5000, 0.5294, 0.4706, 0.5000, 0.5000, 0.5263, 0.4737, 0.5000, 0.5000, 0.5238, 0.4762, 0.5000, 0.5000, 0.5217, 0.4783, 0.5000, 0.5000, 0.5200, 0.4800, 0.5000, 0.5000, 0.5185, 0.4815, 0.5000, 0.5000, 0.5172, 0.4828, 0.5000, 0.5000, 0.5161, 0.4839, 0.5000, 0.5000, 0.5152, 0.4848, 0.5000, 0.5000, 0.5143, 0.4857, 0.5000, 0.5000, 0.5135, 0.4865, 0.5000, 0.5000, 0.5128, 0.4872, 0.5000, 0.5000, 0.5122, 0.4878, 0.5000, 0.5000, 0.5116, 0.4884, 0.5000, 0.5000, 0.5111, 0.4889, 0.5000, 0.5000, 0.5106, 0.4894, 0.5000, 0.5000, 0.5102, 0.4898, 0.5000, 0.5000, 0.5098, 0.4902, 0.5000, 0.5000, 0.5094, 0.4906, 0.5000, 0.5000, 0.5091, 0.4909, 0.5000, 0.5000, 0.5088, 0.4912, 0.5000, 0.5000, 0.5085, 0.4915, 0.5000, 0.5000, 0.5082, 0.4918, 0.5000, 0.5000, 0.5079, 0.4921, 0.5000, 0.5000, 0.5077, 0.4923, 0.5000, 0.5000, 0.5075, 0.4925, 0.5000, 0.5000, 0.5072, 0.4928, 0.5000, 0.5000, 0.5070, 0.4930, 0.5000, 0.5000, 0.5068, 0.4932, 0.5000, 0.5000, 0.5067, 0.4933, 0.5000, 0.5000, 0.5065, 0.4935, 0.5000, 0.5000, 0.5063, 0.4937, 0.5000, 0.5000, 0.5062, 0.4938, 0.5000, 0.5000, 0.5060, 0.4940, 0.5000, 0.5000, 0.5059, 0.4941, 0.5000, 0.5000, 0.5057, 0.4943, 0.5000, 0.5000, 0.5056, 0.4944, 0.5000, 0.5000, 0.5055, 0.4945, 0.5000, 0.5000, 0.5054, 0.4946, 0.5000, 0.5000, 0.5053, 0.4947, 0.5000, 0.5000, 0.5052, 0.4948, 0.5000, 0.5000, 0.5051, 0.4949, 0.5000]

N = 9: prop = 0.4000
[-1.0000, 1.0000, 0.0000, 0.6667, 0.3333, 0.5000, 0.4000, 0.5000, 0.3333, 0.5000, 0.3750, 0.4444, 0.4000, 0.4545, 0.3636, 0.4615, 0.3846, 0.4286, 0.4000, 0.4375, 0.3750, 0.4444, 0.3889, 0.4211, 0.4000, 0.4286, 0.3810, 0.4348, 0.3913, 0.4167, 0.4000, 0.4231, 0.3846, 0.4286, 0.3929, 0.4138, 0.4000, 0.4194, 0.3871, 0.4242, 0.3939, 0.4118, 0.4000, 0.4167, 0.3889, 0.4211, 0.3947, 0.4103, 0.4000, 0.4146, 0.3902, 0.4186, 0.3953, 0.4091, 0.4000, 0.4130, 0.3913, 0.4167, 0.3958, 0.4082, 0.4000, 0.4118, 0.3922, 0.4151, 0.3962, 0.4074, 0.4000, 0.4107, 0.3929, 0.4138, 0.3966, 0.4068, 0.4000, 0.4098, 0.3934, 0.4127, 0.3968, 0.4062, 0.4000, 0.4091, 0.3939, 0.4118, 0.3971, 0.4058, 0.4000, 0.4085, 0.3944, 0.4110, 0.3973, 0.4054, 0.4000, 0.4079, 0.3947, 0.4103, 0.3974, 0.4051, 0.4000, 0.4074, 0.3951, 0.4096, 0.3976, 0.4048, 0.4000, 0.4070, 0.3953, 0.4091, 0.3977, 0.4045, 0.4000, 0.4066, 0.3956, 0.4086, 0.3978, 0.4043, 0.4000, 0.4062, 0.3958, 0.4082, 0.3980, 0.4040, 0.4000, 0.4059, 0.3960, 0.4078, 0.3981, 0.4038, 0.4000, 0.4057, 0.3962, 0.4074, 0.3981, 0.4037, 0.4000, 0.4054, 0.3964, 0.4071, 0.3982, 0.4035, 0.4000, 0.4052, 0.3966, 0.4068, 0.3983, 0.4034, 0.4000, 0.4050, 0.3967, 0.4065, 0.3984, 0.4032, 0.4000, 0.4048, 0.3968, 0.4062, 0.3984, 0.4031, 0.4000, 0.4046, 0.3969, 0.4060, 0.3985, 0.4030, 0.4000, 0.4044, 0.3971, 0.4058, 0.3986, 0.4029, 0.4000, 0.4043, 0.3972, 0.4056, 0.3986, 0.4028, 0.4000, 0.4041, 0.3973, 0.4054, 0.3986, 0.4027, 0.4000, 0.4040, 0.3974, 0.4052, 0.3987, 0.4026, 0.4000, 0.4038, 0.3974, 0.4051, 0.3987, 0.4025, 0.4000, 0.4037, 0.3975, 0.4049, 0.3988, 0.4024, 0.4000, 0.4036]

N = 10: prop = 0.5000
[-1.0000, 1.0000, 0.3333, 1.0000, 0.3333, 0.6000, 0.3333, 0.6000, 0.4286, 0.6000, 0.4286, 0.5556, 0.4286, 0.5556, 0.4545, 0.5556, 0.4545, 0.5385, 0.4545, 0.5385, 0.4667, 0.5385, 0.4667, 0.5294, 0.4667, 0.5294, 0.4737, 0.5294, 0.4737, 0.5238, 0.4737, 0.5238, 0.4783, 0.5238, 0.4783, 0.5200, 0.4783, 0.5200, 0.4815, 0.5200, 0.4815, 0.5172, 0.4815, 0.5172, 0.4839, 0.5172, 0.4839, 0.5152, 0.4839, 0.5152, 0.4857, 0.5152, 0.4857, 0.5135, 0.4857, 0.5135, 0.4872, 0.5135, 0.4872, 0.5122, 0.4872, 0.5122, 0.4884, 0.5122, 0.4884, 0.5111, 0.4884, 0.5111, 0.4894, 0.5111, 0.4894, 0.5102, 0.4894, 0.5102, 0.4902, 0.5102, 0.4902, 0.5094, 0.4902, 0.5094, 0.4909, 0.5094, 0.4909, 0.5088, 0.4909, 0.5088, 0.4915, 0.5088, 0.4915, 0.5082, 0.4915, 0.5082, 0.4921, 0.5082, 0.4921, 0.5077, 0.4921, 0.5077, 0.4925, 0.5077, 0.4925, 0.5072, 0.4925, 0.5072, 0.4930, 0.5072, 0.4930, 0.5068, 0.4930, 0.5068, 0.4933, 0.5068, 0.4933, 0.5065, 0.4933, 0.5065, 0.4937, 0.5065, 0.4937, 0.5062, 0.4937, 0.5062, 0.4940, 0.5062, 0.4940, 0.5059, 0.4940, 0.5059, 0.4943, 0.5059, 0.4943, 0.5056, 0.4943, 0.5056, 0.4945, 0.5056, 0.4945, 0.5054, 0.4945, 0.5054, 0.4947, 0.5054, 0.4947, 0.5052, 0.4947, 0.5052, 0.4949, 0.5052, 0.4949, 0.5050, 0.4949, 0.5050, 0.4951, 0.5050, 0.4951, 0.5048, 0.4951, 0.5048, 0.4953, 0.5048, 0.4953, 0.5046, 0.4953, 0.5046, 0.4955, 0.5046, 0.4955, 0.5044, 0.4955, 0.5044, 0.4957, 0.5044, 0.4957, 0.5043, 0.4957, 0.5043, 0.4958, 0.5043, 0.4958, 0.5041, 0.4958, 0.5041, 0.4959, 0.5041, 0.4959, 0.5040, 0.4959, 0.5040, 0.4961, 0.5040, 0.4961, 0.5039, 0.4961, 0.5039, 0.4962, 0.5039, 0.4962, 0.5038, 0.4962, 0.5038]

N = 11: prop = 0.5000
[0.0000, 1.0000, 0.2500, 0.6667, 0.3750, 0.6250, 0.4167, 0.5833, 0.4286, 0.5625, 0.4444, 0.5556, 0.4545, 0.5455, 0.4583, 0.5385, 0.4643, 0.5357, 0.4688, 0.5312, 0.4706, 0.5278, 0.4737, 0.5263, 0.4762, 0.5238, 0.4773, 0.5217, 0.4792, 0.5208, 0.4808, 0.5192, 0.4815, 0.5179, 0.4828, 0.5172, 0.4839, 0.5161, 0.4844, 0.5152, 0.4853, 0.5147, 0.4861, 0.5139, 0.4865, 0.5132, 0.4872, 0.5128, 0.4878, 0.5122, 0.4881, 0.5116, 0.4886, 0.5114, 0.4891, 0.5109, 0.4894, 0.5104, 0.4898, 0.5102, 0.4902, 0.5098, 0.4904, 0.5094, 0.4907, 0.5093, 0.4911, 0.5089, 0.4912, 0.5086, 0.4915, 0.5085, 0.4918, 0.5082, 0.4919, 0.5079, 0.4922, 0.5078, 0.4924, 0.5076, 0.4925, 0.5074, 0.4928, 0.5072, 0.4930, 0.5070, 0.4931, 0.5068, 0.4932, 0.5068, 0.4934, 0.5066, 0.4935, 0.5064, 0.4937, 0.5063, 0.4938, 0.5062, 0.4939, 0.5060, 0.4940, 0.5060, 0.4942, 0.5058, 0.4943, 0.5057, 0.4944, 0.5056, 0.4945, 0.5055, 0.4946, 0.5054, 0.4947, 0.5053, 0.4948, 0.5052, 0.4948, 0.5051, 0.4949, 0.5051, 0.4950, 0.5050, 0.4951, 0.5049, 0.4952, 0.5048, 0.4953, 0.5047, 0.4953, 0.5046, 0.4954, 0.5046, 0.4955, 0.5045, 0.4955, 0.5044, 0.4956, 0.5044, 0.4957, 0.5043, 0.4957, 0.5042, 0.4958, 0.5042, 0.4959, 0.5041, 0.4959, 0.5041, 0.4960, 0.5040, 0.4960, 0.5040, 0.4961, 0.5039, 0.4961, 0.5039, 0.4962, 0.5038, 0.4962, 0.5038, 0.4963, 0.5037, 0.4963, 0.5037, 0.4964, 0.5036, 0.4964, 0.5036, 0.4965, 0.5035, 0.4965, 0.5035, 0.4965, 0.5035, 0.4966, 0.5034, 0.4966, 0.5034, 0.4966, 0.5034, 0.4967, 0.5033, 0.4967, 0.5033, 0.4968, 0.5032, 0.4968, 0.5032, 0.4968, 0.5032, 0.4969, 0.5031, 0.4969, 0.5031, 0.4969, 0.5031, 0.4970, 0.5030, 0.4970, 0.5030]

N = 12: prop = 0.5000
[-1.0000, 1.0000, -1.0000, 0.5000, 0.0000, 0.5000, 0.5000, 0.6667, 0.5000, 0.5000, 0.3333, 0.5000, 0.5000, 0.6000, 0.5000, 0.5000, 0.4000, 0.5000, 0.5000, 0.5714, 0.5000, 0.5000, 0.4286, 0.5000, 0.5000, 0.5556, 0.5000, 0.5000, 0.4444, 0.5000, 0.5000, 0.5455, 0.5000, 0.5000, 0.4545, 0.5000, 0.5000, 0.5385, 0.5000, 0.5000, 0.4615, 0.5000, 0.5000, 0.5333, 0.5000, 0.5000, 0.4667, 0.5000, 0.5000, 0.5294, 0.5000, 0.5000, 0.4706, 0.5000, 0.5000, 0.5263, 0.5000, 0.5000, 0.4737, 0.5000, 0.5000, 0.5238, 0.5000, 0.5000, 0.4762, 0.5000, 0.5000, 0.5217, 0.5000, 0.5000, 0.4783, 0.5000, 0.5000, 0.5200, 0.5000, 0.5000, 0.4800, 0.5000, 0.5000, 0.5185, 0.5000, 0.5000, 0.4815, 0.5000, 0.5000, 0.5172, 0.5000, 0.5000, 0.4828, 0.5000, 0.5000, 0.5161, 0.5000, 0.5000, 0.4839, 0.5000, 0.5000, 0.5152, 0.5000, 0.5000, 0.4848, 0.5000, 0.5000, 0.5143, 0.5000, 0.5000, 0.4857, 0.5000, 0.5000, 0.5135, 0.5000, 0.5000, 0.4865, 0.5000, 0.5000, 0.5128, 0.5000, 0.5000, 0.4872, 0.5000, 0.5000, 0.5122, 0.5000, 0.5000, 0.4878, 0.5000, 0.5000, 0.5116, 0.5000, 0.5000, 0.4884, 0.5000, 0.5000, 0.5111, 0.5000, 0.5000, 0.4889, 0.5000, 0.5000, 0.5106, 0.5000, 0.5000, 0.4894, 0.5000, 0.5000, 0.5102, 0.5000, 0.5000, 0.4898, 0.5000, 0.5000, 0.5098, 0.5000, 0.5000, 0.4902, 0.5000, 0.5000, 0.5094, 0.5000, 0.5000, 0.4906, 0.5000, 0.5000, 0.5091, 0.5000, 0.5000, 0.4909, 0.5000, 0.5000, 0.5088, 0.5000, 0.5000, 0.4912, 0.5000, 0.5000, 0.5085, 0.5000, 0.5000, 0.4915, 0.5000, 0.5000, 0.5082, 0.5000, 0.5000, 0.4918, 0.5000, 0.5000, 0.5079, 0.5000, 0.5000, 0.4921, 0.5000, 0.5000, 0.5077, 0.5000, 0.5000, 0.4923, 0.5000, 0.5000, 0.5075]

N = 13: prop = 0.5000
[-1.0000, 0.6667, 0.4000, 0.5714, 0.4444, 0.5455, 0.4615, 0.5333, 0.4706, 0.5263, 0.4762, 0.5217, 0.4800, 0.5185, 0.4828, 0.5161, 0.4848, 0.5143, 0.4865, 0.5128, 0.4878, 0.5116, 0.4889, 0.5106, 0.4898, 0.5098, 0.4906, 0.5091, 0.4912, 0.5085, 0.4918, 0.5079, 0.4923, 0.5075, 0.4928, 0.5070, 0.4932, 0.5067, 0.4935, 0.5063, 0.4938, 0.5060, 0.4941, 0.5057, 0.4944, 0.5055, 0.4946, 0.5053, 0.4948, 0.5051, 0.4950, 0.5049, 0.4952, 0.5047, 0.4954, 0.5045, 0.4956, 0.5043, 0.4957, 0.5042, 0.4959, 0.5041, 0.4960, 0.5039, 0.4961, 0.5038, 0.4962, 0.5037, 0.4964, 0.5036, 0.4965, 0.5035, 0.4966, 0.5034, 0.4966, 0.5033, 0.4967, 0.5032, 0.4968, 0.5031, 0.4969, 0.5031, 0.4970, 0.5030, 0.4970, 0.5029, 0.4971, 0.5029, 0.4972, 0.5028, 0.4972, 0.5027, 0.4973, 0.5027, 0.4974, 0.5026, 0.4974, 0.5026, 0.4975, 0.5025, 0.4975, 0.5025, 0.4976, 0.5024, 0.4976, 0.5024, 0.4977, 0.5023, 0.4977, 0.5023, 0.4977, 0.5022, 0.4978, 0.5022, 0.4978, 0.5022, 0.4979, 0.5021, 0.4979, 0.5021, 0.4979, 0.5021, 0.4980, 0.5020, 0.4980, 0.5020, 0.4980, 0.5020, 0.4981, 0.5019, 0.4981, 0.5019, 0.4981, 0.5019, 0.4981, 0.5018, 0.4982, 0.5018, 0.4982, 0.5018, 0.4982, 0.5018, 0.4982, 0.5017, 0.4983, 0.5017, 0.4983, 0.5017, 0.4983, 0.5017, 0.4983, 0.5017, 0.4984, 0.5016, 0.4984, 0.5016, 0.4984, 0.5016, 0.4984, 0.5016, 0.4984, 0.5015, 0.4985, 0.5015, 0.4985, 0.5015, 0.4985, 0.5015, 0.4985, 0.5015, 0.4985, 0.5015, 0.4986, 0.5014, 0.4986, 0.5014, 0.4986, 0.5014, 0.4986, 0.5014, 0.4986, 0.5014, 0.4986, 0.5014, 0.4986, 0.5013, 0.4987, 0.5013, 0.4987, 0.5013, 0.4987, 0.5013, 0.4987, 0.5013, 0.4987, 0.5013, 0.4987, 0.5013, 0.4987, 0.5013]

N = 14: prop = 0.5000
[0.0000, 1.0000, 0.0000, 0.7500, 0.2500, 0.6667, 0.3333, 0.6250, 0.3750, 0.6000, 0.4000, 0.5833, 0.4167, 0.5714, 0.4286, 0.5625, 0.4375, 0.5556, 0.4444, 0.5500, 0.4500, 0.5455, 0.4545, 0.5417, 0.4583, 0.5385, 0.4615, 0.5357, 0.4643, 0.5333, 0.4667, 0.5312, 0.4688, 0.5294, 0.4706, 0.5278, 0.4722, 0.5263, 0.4737, 0.5250, 0.4750, 0.5238, 0.4762, 0.5227, 0.4773, 0.5217, 0.4783, 0.5208, 0.4792, 0.5200, 0.4800, 0.5192, 0.4808, 0.5185, 0.4815, 0.5179, 0.4821, 0.5172, 0.4828, 0.5167, 0.4833, 0.5161, 0.4839, 0.5156, 0.4844, 0.5152, 0.4848, 0.5147, 0.4853, 0.5143, 0.4857, 0.5139, 0.4861, 0.5135, 0.4865, 0.5132, 0.4868, 0.5128, 0.4872, 0.5125, 0.4875, 0.5122, 0.4878, 0.5119, 0.4881, 0.5116, 0.4884, 0.5114, 0.4886, 0.5111, 0.4889, 0.5109, 0.4891, 0.5106, 0.4894, 0.5104, 0.4896, 0.5102, 0.4898, 0.5100, 0.4900, 0.5098, 0.4902, 0.5096, 0.4904, 0.5094, 0.4906, 0.5093, 0.4907, 0.5091, 0.4909, 0.5089, 0.4911, 0.5088, 0.4912, 0.5086, 0.4914, 0.5085, 0.4915, 0.5083, 0.4917, 0.5082, 0.4918, 0.5081, 0.4919, 0.5079, 0.4921, 0.5078, 0.4922, 0.5077, 0.4923, 0.5076, 0.4924, 0.5075, 0.4925, 0.5074, 0.4926, 0.5072, 0.4928, 0.5071, 0.4929, 0.5070, 0.4930, 0.5069, 0.4931, 0.5068, 0.4932, 0.5068, 0.4932, 0.5067, 0.4933, 0.5066, 0.4934, 0.5065, 0.4935, 0.5064, 0.4936, 0.5063, 0.4937, 0.5062, 0.4938, 0.5062, 0.4938, 0.5061, 0.4939, 0.5060, 0.4940, 0.5060, 0.4940, 0.5059, 0.4941, 0.5058, 0.4942, 0.5057, 0.4943, 0.5057, 0.4943, 0.5056, 0.4944, 0.5056, 0.4944, 0.5055, 0.4945, 0.5054, 0.4946, 0.5054, 0.4946, 0.5053, 0.4947, 0.5053, 0.4947, 0.5052, 0.4948, 0.5052, 0.4948, 0.5051, 0.4949, 0.5051, 0.4949, 0.5050]

N = 15: prop = 0.5000
[0.0000, 1.0000, 0.2500, 0.7500, 0.3333, 0.6250, 0.3750, 0.6000, 0.4167, 0.5833, 0.4286, 0.5625, 0.4375, 0.5556, 0.4500, 0.5500, 0.4545, 0.5417, 0.4583, 0.5385, 0.4643, 0.5357, 0.4667, 0.5312, 0.4688, 0.5294, 0.4722, 0.5278, 0.4737, 0.5250, 0.4750, 0.5238, 0.4773, 0.5227, 0.4783, 0.5208, 0.4792, 0.5200, 0.4808, 0.5192, 0.4815, 0.5179, 0.4821, 0.5172, 0.4833, 0.5167, 0.4839, 0.5156, 0.4844, 0.5152, 0.4853, 0.5147, 0.4857, 0.5139, 0.4861, 0.5135, 0.4868, 0.5132, 0.4872, 0.5125, 0.4875, 0.5122, 0.4881, 0.5119, 0.4884, 0.5114, 0.4886, 0.5111, 0.4891, 0.5109, 0.4894, 0.5104, 0.4896, 0.5102, 0.4900, 0.5100, 0.4902, 0.5096, 0.4904, 0.5094, 0.4907, 0.5093, 0.4909, 0.5089, 0.4911, 0.5088, 0.4914, 0.5086, 0.4915, 0.5083, 0.4917, 0.5082, 0.4919, 0.5081, 0.4921, 0.5078, 0.4922, 0.5077, 0.4924, 0.5076, 0.4925, 0.5074, 0.4926, 0.5072, 0.4929, 0.5071, 0.4930, 0.5069, 0.4931, 0.5068, 0.4932, 0.5068, 0.4933, 0.5066, 0.4934, 0.5065, 0.4936, 0.5064, 0.4937, 0.5062, 0.4938, 0.5062, 0.4939, 0.5061, 0.4940, 0.5060, 0.4940, 0.5059, 0.4942, 0.5058, 0.4943, 0.5057, 0.4943, 0.5056, 0.4944, 0.5056, 0.4945, 0.5054, 0.4946, 0.5054, 0.4947, 0.5053, 0.4947, 0.5052, 0.4948, 0.5052, 0.4949, 0.5051, 0.4949, 0.5050, 0.4950, 0.5050, 0.4951, 0.5049, 0.4951, 0.5048, 0.4952, 0.5048, 0.4953, 0.5047, 0.4953, 0.5046, 0.4954, 0.5046, 0.4955, 0.5045, 0.4955, 0.5045, 0.4955, 0.5044, 0.4956, 0.5044, 0.4957, 0.5043, 0.4957, 0.5043, 0.4958, 0.5042, 0.4958, 0.5042, 0.4958, 0.5041, 0.4959, 0.5041, 0.4959, 0.5040, 0.4960, 0.5040, 0.4960, 0.5040, 0.4961, 0.5039, 0.4961, 0.5039, 0.4962, 0.5038, 0.4962, 0.5038, 0.4962, 0.5038]

N = 16: prop = 0.5000
[-1.0000, 1.0000, 0.5000, 0.6667, 0.5000, 0.6000, 0.5000, 0.5714, 0.5000, 0.5556, 0.5000, 0.5455, 0.5000, 0.5385, 0.5000, 0.5333, 0.5000, 0.5294, 0.5000, 0.5263, 0.5000, 0.5238, 0.5000, 0.5217, 0.5000, 0.5200, 0.5000, 0.5185, 0.5000, 0.5172, 0.5000, 0.5161, 0.5000, 0.5152, 0.5000, 0.5143, 0.5000, 0.5135, 0.5000, 0.5128, 0.5000, 0.5122, 0.5000, 0.5116, 0.5000, 0.5111, 0.5000, 0.5106, 0.5000, 0.5102, 0.5000, 0.5098, 0.5000, 0.5094, 0.5000, 0.5091, 0.5000, 0.5088, 0.5000, 0.5085, 0.5000, 0.5082, 0.5000, 0.5079, 0.5000, 0.5077, 0.5000, 0.5075, 0.5000, 0.5072, 0.5000, 0.5070, 0.5000, 0.5068, 0.5000, 0.5067, 0.5000, 0.5065, 0.5000, 0.5063, 0.5000, 0.5062, 0.5000, 0.5060, 0.5000, 0.5059, 0.5000, 0.5057, 0.5000, 0.5056, 0.5000, 0.5055, 0.5000, 0.5054, 0.5000, 0.5053, 0.5000, 0.5052, 0.5000, 0.5051, 0.5000, 0.5050, 0.5000, 0.5049, 0.5000, 0.5048, 0.5000, 0.5047, 0.5000, 0.5046, 0.5000, 0.5045, 0.5000, 0.5044, 0.5000, 0.5043, 0.5000, 0.5043, 0.5000, 0.5042, 0.5000, 0.5041, 0.5000, 0.5041, 0.5000, 0.5040, 0.5000, 0.5039, 0.5000, 0.5039, 0.5000, 0.5038, 0.5000, 0.5038, 0.5000, 0.5037, 0.5000, 0.5036, 0.5000, 0.5036, 0.5000, 0.5035, 0.5000, 0.5035, 0.5000, 0.5034, 0.5000, 0.5034, 0.5000, 0.5034, 0.5000, 0.5033, 0.5000, 0.5033, 0.5000, 0.5032, 0.5000, 0.5032, 0.5000, 0.5031, 0.5000, 0.5031, 0.5000, 0.5031, 0.5000, 0.5030, 0.5000, 0.5030, 0.5000, 0.5030, 0.5000, 0.5029, 0.5000, 0.5029, 0.5000, 0.5029, 0.5000, 0.5028, 0.5000, 0.5028, 0.5000, 0.5028, 0.5000, 0.5027, 0.5000, 0.5027, 0.5000, 0.5027, 0.5000, 0.5026, 0.5000, 0.5026, 0.5000, 0.5026, 0.5000, 0.5026, 0.5000, 0.5025, 0.5000, 0.5025]

N = 17: prop = 0.5000
[0.0000, 0.7500, 0.3333, 0.6000, 0.4167, 0.5714, 0.4444, 0.5500, 0.4545, 0.5385, 0.4643, 0.5333, 0.4706, 0.5278, 0.4737, 0.5238, 0.4773, 0.5217, 0.4800, 0.5192, 0.4815, 0.5172, 0.4833, 0.5161, 0.4848, 0.5147, 0.4857, 0.5135, 0.4868, 0.5128, 0.4878, 0.5119, 0.4884, 0.5111, 0.4891, 0.5106, 0.4898, 0.5100, 0.4902, 0.5094, 0.4907, 0.5091, 0.4912, 0.5086, 0.4915, 0.5082, 0.4919, 0.5079, 0.4923, 0.5076, 0.4925, 0.5072, 0.4929, 0.5070, 0.4932, 0.5068, 0.4933, 0.5065, 0.4936, 0.5063, 0.4938, 0.5061, 0.4940, 0.5059, 0.4942, 0.5057, 0.4944, 0.5056, 0.4945, 0.5054, 0.4947, 0.5053, 0.4948, 0.5051, 0.4949, 0.5050, 0.4951, 0.5049, 0.4952, 0.5047, 0.4953, 0.5046, 0.4955, 0.5045, 0.4956, 0.5044, 0.4957, 0.5043, 0.4958, 0.5042, 0.4959, 0.5041, 0.4959, 0.5040, 0.4960, 0.5039, 0.4961, 0.5038, 0.4962, 0.5038, 0.4963, 0.5037, 0.4964, 0.5036, 0.4964, 0.5035, 0.4965, 0.5035, 0.4966, 0.5034, 0.4966, 0.5034, 0.4967, 0.5033, 0.4967, 0.5032, 0.4968, 0.5032, 0.4968, 0.5031, 0.4969, 0.5031, 0.4969, 0.5030, 0.4970, 0.5030, 0.4970, 0.5029, 0.4971, 0.5029, 0.4971, 0.5029, 0.4972, 0.5028, 0.4972, 0.5028, 0.4973, 0.5027, 0.4973, 0.5027, 0.4973, 0.5026, 0.4974, 0.5026, 0.4974, 0.5026, 0.4974, 0.5025, 0.4975, 0.5025, 0.4975, 0.5025, 0.4975, 0.5024, 0.4976, 0.5024, 0.4976, 0.5024, 0.4976, 0.5023, 0.4977, 0.5023, 0.4977, 0.5023, 0.4977, 0.5023, 0.4977, 0.5022, 0.4978, 0.5022, 0.4978, 0.5022, 0.4978, 0.5022, 0.4979, 0.5021, 0.4979, 0.5021, 0.4979, 0.5021, 0.4979, 0.5021, 0.4979, 0.5020, 0.4980, 0.5020, 0.4980, 0.5020, 0.4980, 0.5020, 0.4980, 0.5020, 0.4981, 0.5019, 0.4981, 0.5019, 0.4981, 0.5019, 0.4981, 0.5019]

N = 18: prop = 0.5000
[-1.0000, 1.0000, 0.3333, 0.5000, 0.5000, 0.6000, 0.4000, 0.5000, 0.5000, 0.5714, 0.4444, 0.5000, 0.5000, 0.5455, 0.4615, 0.5000, 0.5000, 0.5333, 0.4667, 0.5000, 0.5000, 0.5294, 0.4737, 0.5000, 0.5000, 0.5238, 0.4783, 0.5000, 0.5000, 0.5200, 0.4800, 0.5000, 0.5000, 0.5185, 0.4828, 0.5000, 0.5000, 0.5161, 0.4848, 0.5000, 0.5000, 0.5143, 0.4857, 0.5000, 0.5000, 0.5135, 0.4872, 0.5000, 0.5000, 0.5122, 0.4884, 0.5000, 0.5000, 0.5111, 0.4889, 0.5000, 0.5000, 0.5106, 0.4898, 0.5000, 0.5000, 0.5098, 0.4906, 0.5000, 0.5000, 0.5091, 0.4909, 0.5000, 0.5000, 0.5088, 0.4915, 0.5000, 0.5000, 0.5082, 0.4921, 0.5000, 0.5000, 0.5077, 0.4923, 0.5000, 0.5000, 0.5075, 0.4928, 0.5000, 0.5000, 0.5070, 0.4932, 0.5000, 0.5000, 0.5067, 0.4933, 0.5000, 0.5000, 0.5065, 0.4937, 0.5000, 0.5000, 0.5062, 0.4940, 0.5000, 0.5000, 0.5059, 0.4941, 0.5000, 0.5000, 0.5057, 0.4944, 0.5000, 0.5000, 0.5055, 0.4946, 0.5000, 0.5000, 0.5053, 0.4947, 0.5000, 0.5000, 0.5052, 0.4949, 0.5000, 0.5000, 0.5050, 0.4951, 0.5000, 0.5000, 0.5048, 0.4952, 0.5000, 0.5000, 0.5047, 0.4954, 0.5000, 0.5000, 0.5045, 0.4956, 0.5000, 0.5000, 0.5043, 0.4957, 0.5000, 0.5000, 0.5043, 0.4958, 0.5000, 0.5000, 0.5041, 0.4959, 0.5000, 0.5000, 0.5040, 0.4960, 0.5000, 0.5000, 0.5039, 0.4961, 0.5000, 0.5000, 0.5038, 0.4962, 0.5000, 0.5000, 0.5037, 0.4963, 0.5000, 0.5000, 0.5036, 0.4964, 0.5000, 0.5000, 0.5035, 0.4965, 0.5000, 0.5000, 0.5034, 0.4966, 0.5000, 0.5000, 0.5034, 0.4966, 0.5000, 0.5000, 0.5033, 0.4967, 0.5000, 0.5000, 0.5032, 0.4968, 0.5000, 0.5000, 0.5032, 0.4969, 0.5000, 0.5000, 0.5031, 0.4969, 0.5000, 0.5000, 0.5030, 0.4970, 0.5000]

N = 19: prop = 0.5000
[0.0000, 0.7500, 0.3750, 0.6000, 0.4286, 0.5625, 0.4500, 0.5455, 0.4615, 0.5357, 0.4688, 0.5294, 0.4737, 0.5250, 0.4773, 0.5217, 0.4800, 0.5192, 0.4821, 0.5172, 0.4839, 0.5156, 0.4853, 0.5143, 0.4865, 0.5132, 0.4875, 0.5122, 0.4884, 0.5114, 0.4891, 0.5106, 0.4898, 0.5100, 0.4904, 0.5094, 0.4909, 0.5089, 0.4914, 0.5085, 0.4918, 0.5081, 0.4922, 0.5077, 0.4925, 0.5074, 0.4929, 0.5070, 0.4932, 0.5068, 0.4934, 0.5065, 0.4937, 0.5062, 0.4939, 0.5060, 0.4941, 0.5058, 0.4943, 0.5056, 0.4945, 0.5054, 0.4947, 0.5053, 0.4948, 0.5051, 0.4950, 0.5050, 0.4951, 0.5048, 0.4953, 0.5047, 0.4954, 0.5045, 0.4955, 0.5044, 0.4957, 0.5043, 0.4958, 0.5042, 0.4959, 0.5041, 0.4960, 0.5040, 0.4961, 0.5039, 0.4962, 0.5038, 0.4962, 0.5037, 0.4963, 0.5036, 0.4964, 0.5036, 0.4965, 0.5035, 0.4966, 0.5034, 0.4966, 0.5034, 0.4967, 0.5033, 0.4968, 0.5032, 0.4968, 0.5032, 0.4969, 0.5031, 0.4969, 0.5030, 0.4970, 0.5030, 0.4970, 0.5029, 0.4971, 0.5029, 0.4971, 0.5028, 0.4972, 0.5028, 0.4972, 0.5027, 0.4973, 0.5027, 0.4973, 0.5027, 0.4974, 0.5026, 0.4974, 0.5026, 0.4974, 0.5025, 0.4975, 0.5025, 0.4975, 0.5025, 0.4976, 0.5024, 0.4976, 0.5024, 0.4976, 0.5024, 0.4977, 0.5023, 0.4977, 0.5023, 0.4977, 0.5023, 0.4978, 0.5022, 0.4978, 0.5022, 0.4978, 0.5022, 0.4978, 0.5021, 0.4979, 0.5021, 0.4979, 0.5021, 0.4979, 0.5021, 0.4980, 0.5020, 0.4980, 0.5020, 0.4980, 0.5020, 0.4980, 0.5020, 0.4980, 0.5019, 0.4981, 0.5019, 0.4981, 0.5019, 0.4981, 0.5019, 0.4981, 0.5019, 0.4982, 0.5018, 0.4982, 0.5018, 0.4982, 0.5018, 0.4982, 0.5018, 0.4982, 0.5018, 0.4983, 0.5017, 0.4983, 0.5017, 0.4983, 0.5017, 0.4983, 0.5017, 0.4983, 0.5017]

N = 20: prop = 0.5000
[0.0000, 1.0000, 0.0000, 0.6667, 0.3333, 0.6667, 0.4000, 0.6000, 0.4000, 0.5714, 0.4286, 0.5714, 0.4444, 0.5556, 0.4444, 0.5455, 0.4545, 0.5455, 0.4615, 0.5385, 0.4615, 0.5333, 0.4667, 0.5333, 0.4706, 0.5294, 0.4706, 0.5263, 0.4737, 0.5263, 0.4762, 0.5238, 0.4762, 0.5217, 0.4783, 0.5217, 0.4800, 0.5200, 0.4800, 0.5185, 0.4815, 0.5185, 0.4828, 0.5172, 0.4828, 0.5161, 0.4839, 0.5161, 0.4848, 0.5152, 0.4848, 0.5143, 0.4857, 0.5143, 0.4865, 0.5135, 0.4865, 0.5128, 0.4872, 0.5128, 0.4878, 0.5122, 0.4878, 0.5116, 0.4884, 0.5116, 0.4889, 0.5111, 0.4889, 0.5106, 0.4894, 0.5106, 0.4898, 0.5102, 0.4898, 0.5098, 0.4902, 0.5098, 0.4906, 0.5094, 0.4906, 0.5091, 0.4909, 0.5091, 0.4912, 0.5088, 0.4912, 0.5085, 0.4915, 0.5085, 0.4918, 0.5082, 0.4918, 0.5079, 0.4921, 0.5079, 0.4923, 0.5077, 0.4923, 0.5075, 0.4925, 0.5075, 0.4928, 0.5072, 0.4928, 0.5070, 0.4930, 0.5070, 0.4932, 0.5068, 0.4932, 0.5067, 0.4933, 0.5067, 0.4935, 0.5065, 0.4935, 0.5063, 0.4937, 0.5063, 0.4938, 0.5062, 0.4938, 0.5060, 0.4940, 0.5060, 0.4941, 0.5059, 0.4941, 0.5057, 0.4943, 0.5057, 0.4944, 0.5056, 0.4944, 0.5055, 0.4945, 0.5055, 0.4946, 0.5054, 0.4946, 0.5053, 0.4947, 0.5053, 0.4948, 0.5052, 0.4948, 0.5051, 0.4949, 0.5051, 0.4950, 0.5050, 0.4950, 0.5049, 0.4951, 0.5049, 0.4952, 0.5048, 0.4952, 0.5047, 0.4953, 0.5047, 0.4954, 0.5046, 0.4954, 0.5045, 0.4955, 0.5045, 0.4956, 0.5044, 0.4956, 0.5043, 0.4957, 0.5043, 0.4957, 0.5043, 0.4957, 0.5042, 0.4958, 0.5042, 0.4959, 0.5041, 0.4959, 0.5041, 0.4959, 0.5041, 0.4960, 0.5040, 0.4960, 0.5039, 0.4961, 0.5039, 0.4961, 0.5039, 0.4961, 0.5038, 0.4962, 0.5038, 0.4962, 0.5038]

N = 21: prop = 0.5000
[0.0000, 0.7500, 0.2500, 0.6250, 0.3750, 0.5833, 0.4167, 0.5625, 0.4375, 0.5500, 0.4500, 0.5417, 0.4583, 0.5357, 0.4643, 0.5312, 0.4688, 0.5278, 0.4722, 0.5250, 0.4750, 0.5227, 0.4773, 0.5208, 0.4792, 0.5192, 0.4808, 0.5179, 0.4821, 0.5167, 0.4833, 0.5156, 0.4844, 0.5147, 0.4853, 0.5139, 0.4861, 0.5132, 0.4868, 0.5125, 0.4875, 0.5119, 0.4881, 0.5114, 0.4886, 0.5109, 0.4891, 0.5104, 0.4896, 0.5100, 0.4900, 0.5096, 0.4904, 0.5093, 0.4907, 0.5089, 0.4911, 0.5086, 0.4914, 0.5083, 0.4917, 0.5081, 0.4919, 0.5078, 0.4922, 0.5076, 0.4924, 0.5074, 0.4926, 0.5071, 0.4929, 0.5069, 0.4931, 0.5068, 0.4932, 0.5066, 0.4934, 0.5064, 0.4936, 0.5062, 0.4938, 0.5061, 0.4939, 0.5060, 0.4940, 0.5058, 0.4942, 0.5057, 0.4943, 0.5056, 0.4944, 0.5054, 0.4946, 0.5053, 0.4947, 0.5052, 0.4948, 0.5051, 0.4949, 0.5050, 0.4950, 0.5049, 0.4951, 0.5048, 0.4952, 0.5047, 0.4953, 0.5046, 0.4954, 0.5045, 0.4955, 0.5045, 0.4955, 0.5044, 0.4956, 0.5043, 0.4957, 0.5042, 0.4958, 0.5042, 0.4958, 0.5041, 0.4959, 0.5040, 0.4960, 0.5040, 0.4960, 0.5039, 0.4961, 0.5038, 0.4962, 0.5038, 0.4962, 0.5037, 0.4963, 0.5037, 0.4963, 0.5036, 0.4964, 0.5036, 0.4964, 0.5035, 0.4965, 0.5035, 0.4965, 0.5034, 0.4966, 0.5034, 0.4966, 0.5033, 0.4967, 0.5033, 0.4967, 0.5032, 0.4968, 0.5032, 0.4968, 0.5032, 0.4968, 0.5031, 0.4969, 0.5031, 0.4969, 0.5030, 0.4970, 0.5030, 0.4970, 0.5030, 0.4970, 0.5029, 0.4971, 0.5029, 0.4971, 0.5029, 0.4971, 0.5028, 0.4972, 0.5028, 0.4972, 0.5028, 0.4972, 0.5027, 0.4973, 0.5027, 0.4973, 0.5027, 0.4973, 0.5027, 0.4973, 0.5026, 0.4974, 0.5026, 0.4974, 0.5026, 0.4974, 0.5026, 0.4974, 0.5025, 0.4975, 0.5025]

N = 22: prop = 0.5000
[-1.0000, 0.6667, 0.4000, 0.6000, 0.4286, 0.5455, 0.4444, 0.5385, 0.4667, 0.5333, 0.4706, 0.5238, 0.4737, 0.5217, 0.4800, 0.5200, 0.4815, 0.5161, 0.4828, 0.5152, 0.4857, 0.5143, 0.4865, 0.5122, 0.4872, 0.5116, 0.4889, 0.5111, 0.4894, 0.5098, 0.4898, 0.5094, 0.4909, 0.5091, 0.4912, 0.5082, 0.4915, 0.5079, 0.4923, 0.5077, 0.4925, 0.5070, 0.4928, 0.5068, 0.4933, 0.5067, 0.4935, 0.5062, 0.4937, 0.5060, 0.4941, 0.5059, 0.4943, 0.5055, 0.4944, 0.5054, 0.4947, 0.5053, 0.4948, 0.5050, 0.4949, 0.5049, 0.4952, 0.5048, 0.4953, 0.5045, 0.4954, 0.5044, 0.4957, 0.5043, 0.4957, 0.5041, 0.4958, 0.5041, 0.4960, 0.5040, 0.4961, 0.5038, 0.4961, 0.5038, 0.4963, 0.5037, 0.4964, 0.5035, 0.4964, 0.5035, 0.4966, 0.5034, 0.4966, 0.5033, 0.4966, 0.5033, 0.4968, 0.5032, 0.4968, 0.5031, 0.4969, 0.5031, 0.4970, 0.5030, 0.4970, 0.5029, 0.4970, 0.5029, 0.4971, 0.5029, 0.4972, 0.5028, 0.4972, 0.5027, 0.4973, 0.5027, 0.4973, 0.5026, 0.4974, 0.5026, 0.4974, 0.5026, 0.4975, 0.5025, 0.4975, 0.5025, 0.4976, 0.5024, 0.4976, 0.5024, 0.4976, 0.5023, 0.4977, 0.5023, 0.4977, 0.5023, 0.4977, 0.5022, 0.4978, 0.5022, 0.4978, 0.5022, 0.4978, 0.5021, 0.4979, 0.5021, 0.4979, 0.5021, 0.4979, 0.5021, 0.4980, 0.5020, 0.4980, 0.5020, 0.4980, 0.5020, 0.4980, 0.5020, 0.4981, 0.5019, 0.4981, 0.5019, 0.4981, 0.5019, 0.4981, 0.5018, 0.4981, 0.5018, 0.4982, 0.5018, 0.4982, 0.5018, 0.4982, 0.5018, 0.4982, 0.5018, 0.4983, 0.5017, 0.4983, 0.5017, 0.4983, 0.5017, 0.4983, 0.5017, 0.4983, 0.5017, 0.4984, 0.5016, 0.4984, 0.5016, 0.4984, 0.5016, 0.4984, 0.5016, 0.4984, 0.5016, 0.4984, 0.5015, 0.4985, 0.5015, 0.4985, 0.5015, 0.4985, 0.5015]

N = 23: prop = 0.5000
[0.0000, 0.8000, 0.3333, 0.6154, 0.4118, 0.5789, 0.4400, 0.5556, 0.4516, 0.5429, 0.4615, 0.5366, 0.4681, 0.5306, 0.4717, 0.5263, 0.4754, 0.5238, 0.4783, 0.5211, 0.4800, 0.5190, 0.4819, 0.5176, 0.4835, 0.5161, 0.4845, 0.5149, 0.4857, 0.5140, 0.4867, 0.5130, 0.4874, 0.5122, 0.4882, 0.5116, 0.4889, 0.5109, 0.4894, 0.5103, 0.4899, 0.5099, 0.4904, 0.5094, 0.4908, 0.5090, 0.4912, 0.5087, 0.4916, 0.5083, 0.4919, 0.5079, 0.4922, 0.5077, 0.4925, 0.5074, 0.4928, 0.5071, 0.4930, 0.5069, 0.4933, 0.5067, 0.4934, 0.5064, 0.4937, 0.5063, 0.4939, 0.5061, 0.4940, 0.5059, 0.4942, 0.5057, 0.4944, 0.5056, 0.4945, 0.5054, 0.4947, 0.5053, 0.4948, 0.5052, 0.4949, 0.5050, 0.4950, 0.5049, 0.4952, 0.5048, 0.4953, 0.5047, 0.4954, 0.5046, 0.4955, 0.5045, 0.4956, 0.5044, 0.4957, 0.5043, 0.4958, 0.5042, 0.4958, 0.5041, 0.4959, 0.5040, 0.4960, 0.5040, 0.4961, 0.5039, 0.4962, 0.5038, 0.4962, 0.5037, 0.4963, 0.5037, 0.4964, 0.5036, 0.4964, 0.5035, 0.4965, 0.5035, 0.4966, 0.5034, 0.4966, 0.5034, 0.4967, 0.5033, 0.4967, 0.5033, 0.4968, 0.5032, 0.4968, 0.5032, 0.4969, 0.5031, 0.4969, 0.5031, 0.4970, 0.5030, 0.4970, 0.5030, 0.4971, 0.5029, 0.4971, 0.5029, 0.4971, 0.5029, 0.4972, 0.5028, 0.4972, 0.5028, 0.4972, 0.5027, 0.4973, 0.5027, 0.4973, 0.5027, 0.4974, 0.5026, 0.4974, 0.5026, 0.4974, 0.5026, 0.4975, 0.5025, 0.4975, 0.5025, 0.4975, 0.5025, 0.4975, 0.5024, 0.4976, 0.5024, 0.4976, 0.5024, 0.4976, 0.5024, 0.4977, 0.5023, 0.4977, 0.5023, 0.4977, 0.5023, 0.4977, 0.5023, 0.4978, 0.5022, 0.4978, 0.5022, 0.4978, 0.5022, 0.4978, 0.5022, 0.4979, 0.5021, 0.4979, 0.5021, 0.4979, 0.5021, 0.4979, 0.5021, 0.4979, 0.5021]

N = 24: prop = 0.5000
[0.0000, 1.0000, 0.3333, 0.6667, 0.4000, 0.6000, 0.4286, 0.5714, 0.4444, 0.5556, 0.4545, 0.5455, 0.4615, 0.5385, 0.4667, 0.5333, 0.4706, 0.5294, 0.4737, 0.5263, 0.4762, 0.5238, 0.4783, 0.5217, 0.4800, 0.5200, 0.4815, 0.5185, 0.4828, 0.5172, 0.4839, 0.5161, 0.4848, 0.5152, 0.4857, 0.5143, 0.4865, 0.5135, 0.4872, 0.5128, 0.4878, 0.5122, 0.4884, 0.5116, 0.4889, 0.5111, 0.4894, 0.5106, 0.4898, 0.5102, 0.4902, 0.5098, 0.4906, 0.5094, 0.4909, 0.5091, 0.4912, 0.5088, 0.4915, 0.5085, 0.4918, 0.5082, 0.4921, 0.5079, 0.4923, 0.5077, 0.4925, 0.5075, 0.4928, 0.5072, 0.4930, 0.5070, 0.4932, 0.5068, 0.4933, 0.5067, 0.4935, 0.5065, 0.4937, 0.5063, 0.4938, 0.5062, 0.4940, 0.5060, 0.4941, 0.5059, 0.4943, 0.5057, 0.4944, 0.5056, 0.4945, 0.5055, 0.4946, 0.5054, 0.4947, 0.5053, 0.4948, 0.5052, 0.4949, 0.5051, 0.4950, 0.5050, 0.4951, 0.5049, 0.4952, 0.5048, 0.4953, 0.5047, 0.4954, 0.5046, 0.4955, 0.5045, 0.4956, 0.5044, 0.4957, 0.5043, 0.4957, 0.5043, 0.4958, 0.5042, 0.4959, 0.5041, 0.4959, 0.5041, 0.4960, 0.5040, 0.4961, 0.5039, 0.4961, 0.5039, 0.4962, 0.5038, 0.4962, 0.5038, 0.4963, 0.5037, 0.4964, 0.5036, 0.4964, 0.5036, 0.4965, 0.5035, 0.4965, 0.5035, 0.4966, 0.5034, 0.4966, 0.5034, 0.4966, 0.5034, 0.4967, 0.5033, 0.4967, 0.5033, 0.4968, 0.5032, 0.4968, 0.5032, 0.4969, 0.5031, 0.4969, 0.5031, 0.4969, 0.5031, 0.4970, 0.5030, 0.4970, 0.5030, 0.4970, 0.5030, 0.4971, 0.5029, 0.4971, 0.5029, 0.4971, 0.5029, 0.4972, 0.5028, 0.4972, 0.5028, 0.4972, 0.5028, 0.4973, 0.5027, 0.4973, 0.5027, 0.4973, 0.5027, 0.4974, 0.5026, 0.4974, 0.5026, 0.4974, 0.5026, 0.4974, 0.5026, 0.4975, 0.5025, 0.4975, 0.5025]

N = 25: prop = 0.4737
[-1.0000, 0.6667, 0.4286, 0.5556, 0.4615, 0.5000, 0.4737, 0.5000, 0.4615, 0.5000, 0.4688, 0.4857, 0.4737, 0.4878, 0.4667, 0.4894, 0.4706, 0.4815, 0.4737, 0.4833, 0.4688, 0.4848, 0.4714, 0.4795, 0.4737, 0.4810, 0.4699, 0.4824, 0.4719, 0.4783, 0.4737, 0.4796, 0.4706, 0.4808, 0.4722, 0.4775, 0.4737, 0.4786, 0.4711, 0.4797, 0.4724, 0.4769, 0.4737, 0.4779, 0.4714, 0.4789, 0.4726, 0.4765, 0.4737, 0.4774, 0.4717, 0.4783, 0.4727, 0.4762, 0.4737, 0.4770, 0.4719, 0.4778, 0.4728, 0.4759, 0.4737, 0.4767, 0.4721, 0.4774, 0.4729, 0.4757, 0.4737, 0.4764, 0.4722, 0.4771, 0.4730, 0.4756, 0.4737, 0.4762, 0.4723, 0.4768, 0.4730, 0.4754, 0.4737, 0.4760, 0.4724, 0.4766, 0.4731, 0.4753, 0.4737, 0.4758, 0.4725, 0.4764, 0.4731, 0.4752, 0.4737, 0.4757, 0.4726, 0.4762, 0.4732, 0.4751, 0.4737, 0.4756, 0.4727, 0.4760, 0.4732, 0.4750, 0.4737, 0.4755, 0.4727, 0.4759, 0.4732, 0.4749, 0.4737, 0.4754, 0.4728, 0.4758, 0.4732, 0.4749, 0.4737, 0.4753, 0.4728, 0.4757, 0.4733, 0.4748, 0.4737, 0.4752, 0.4729, 0.4756, 0.4733, 0.4747, 0.4737, 0.4751, 0.4729, 0.4755, 0.4733, 0.4747, 0.4737, 0.4751, 0.4729, 0.4754, 0.4733, 0.4747, 0.4737, 0.4750, 0.4730, 0.4753, 0.4733, 0.4746, 0.4737, 0.4749, 0.4730, 0.4753, 0.4733, 0.4746, 0.4737, 0.4749, 0.4730, 0.4752, 0.4734, 0.4745, 0.4737, 0.4748, 0.4731, 0.4751, 0.4734, 0.4745, 0.4737, 0.4748, 0.4731, 0.4751, 0.4734, 0.4745, 0.4737, 0.4748, 0.4731, 0.4750, 0.4734, 0.4745, 0.4737, 0.4747, 0.4731, 0.4750, 0.4734, 0.4744, 0.4737, 0.4747, 0.4731, 0.4750, 0.4734, 0.4744, 0.4737, 0.4747, 0.4732, 0.4749, 0.4734, 0.4744, 0.4737, 0.4746, 0.4732, 0.4749, 0.4734, 0.4744, 0.4737, 0.4746]

N = 26: prop = 0.5000
[0.0000, 1.0000, 0.2000, 0.7143, 0.3333, 0.6364, 0.3846, 0.6000, 0.4118, 0.5789, 0.4286, 0.5652, 0.4400, 0.5556, 0.4483, 0.5484, 0.4545, 0.5429, 0.4595, 0.5385, 0.4634, 0.5349, 0.4667, 0.5319, 0.4694, 0.5294, 0.4717, 0.5273, 0.4737, 0.5254, 0.4754, 0.5238, 0.4769, 0.5224, 0.4783, 0.5211, 0.4795, 0.5200, 0.4805, 0.5190, 0.4815, 0.5181, 0.4824, 0.5172, 0.4831, 0.5165, 0.4839, 0.5158, 0.4845, 0.5152, 0.4851, 0.5146, 0.4857, 0.5140, 0.4862, 0.5135, 0.4867, 0.5130, 0.4872, 0.5126, 0.4876, 0.5122, 0.4880, 0.5118, 0.4884, 0.5115, 0.4887, 0.5111, 0.4891, 0.5108, 0.4894, 0.5105, 0.4897, 0.5102, 0.4899, 0.5099, 0.4902, 0.5097, 0.4904, 0.5094, 0.4907, 0.5092, 0.4909, 0.5090, 0.4911, 0.5088, 0.4913, 0.5086, 0.4915, 0.5084, 0.4917, 0.5082, 0.4919, 0.5080, 0.4921, 0.5079, 0.4922, 0.5077, 0.4924, 0.5075, 0.4925, 0.5074, 0.4927, 0.5072, 0.4928, 0.5071, 0.4930, 0.5070, 0.4931, 0.5068, 0.4932, 0.5067, 0.4933, 0.5066, 0.4934, 0.5065, 0.4936, 0.5064, 0.4937, 0.5063, 0.4938, 0.5062, 0.4939, 0.5061, 0.4940, 0.5060, 0.4941, 0.5059, 0.4942, 0.5058, 0.4943, 0.5057, 0.4943, 0.5056, 0.4944, 0.5055, 0.4945, 0.5055, 0.4946, 0.5054, 0.4947, 0.5053, 0.4947, 0.5052, 0.4948, 0.5052, 0.4949, 0.5051, 0.4949, 0.5050, 0.4950, 0.5050, 0.4951, 0.5049, 0.4951, 0.5048, 0.4952, 0.5048, 0.4953, 0.5047, 0.4953, 0.5046, 0.4954, 0.5046, 0.4954, 0.5045, 0.4955, 0.5045, 0.4955, 0.5044, 0.4956, 0.5044, 0.4957, 0.5043, 0.4957, 0.5043, 0.4958, 0.5042, 0.4958, 0.5042, 0.4958, 0.5041, 0.4959, 0.5041, 0.4959, 0.5040, 0.4960, 0.5040, 0.4960, 0.5040, 0.4961, 0.5039, 0.4961, 0.5039, 0.4961, 0.5038, 0.4962, 0.5038, 0.4962, 0.5038]

N = 27: prop = 0.5000
[0.0000, 0.7500, 0.4286, 0.5556, 0.4167, 0.5333, 0.4706, 0.5500, 0.4783, 0.5200, 0.4643, 0.5161, 0.4848, 0.5278, 0.4872, 0.5122, 0.4773, 0.5106, 0.4898, 0.5192, 0.4909, 0.5088, 0.4833, 0.5079, 0.4923, 0.5147, 0.4930, 0.5068, 0.4868, 0.5063, 0.4938, 0.5119, 0.4943, 0.5056, 0.4891, 0.5053, 0.4948, 0.5100, 0.4951, 0.5048, 0.4907, 0.5045, 0.4956, 0.5086, 0.4958, 0.5041, 0.4919, 0.5039, 0.4961, 0.5076, 0.4963, 0.5036, 0.4929, 0.5035, 0.4966, 0.5068, 0.4967, 0.5033, 0.4936, 0.5031, 0.4969, 0.5061, 0.4970, 0.5030, 0.4942, 0.5029, 0.4972, 0.5056, 0.4973, 0.5027, 0.4947, 0.5026, 0.4974, 0.5051, 0.4975, 0.5025, 0.4951, 0.5024, 0.4976, 0.5047, 0.4977, 0.5023, 0.4955, 0.5022, 0.4978, 0.5044, 0.4978, 0.5021, 0.4958, 0.5021, 0.4979, 0.5041, 0.4980, 0.5020, 0.4960, 0.5020, 0.4981, 0.5038, 0.4981, 0.5019, 0.4963, 0.5018, 0.4982, 0.5036, 0.4982, 0.5018, 0.4965, 0.5017, 0.4983, 0.5034, 0.4983, 0.5017, 0.4967, 0.5017, 0.4984, 0.5032, 0.4984, 0.5016, 0.4968, 0.5016, 0.4984, 0.5031, 0.4985, 0.5015, 0.4970, 0.5015, 0.4985, 0.5029, 0.4985, 0.5014, 0.4971, 0.5014, 0.4986, 0.5028, 0.4986, 0.5014, 0.4973, 0.5014, 0.4986, 0.5027, 0.4987, 0.5013, 0.4974, 0.5013, 0.4987, 0.5026, 0.4987, 0.5013, 0.4975, 0.5013, 0.4988, 0.5025, 0.4988, 0.5012, 0.4976, 0.5012, 0.4988, 0.5024, 0.4988, 0.5012, 0.4977, 0.5012, 0.4988, 0.5023, 0.4989, 0.5011, 0.4977, 0.5011, 0.4989, 0.5022, 0.4989, 0.5011, 0.4978, 0.5011, 0.4989, 0.5021, 0.4989, 0.5011, 0.4979, 0.5010, 0.4990, 0.5021, 0.4990, 0.5010, 0.4980, 0.5010, 0.4990, 0.5020, 0.4990, 0.5010, 0.4980, 0.5010, 0.4990, 0.5019, 0.4990, 0.5010, 0.4981, 0.5009, 0.4991, 0.5019]

N = 28: prop = 0.5000
[-1.0000, 0.5000, 0.5000, 0.5000, 0.5000, 0.5000, 0.5000, 0.5000, 0.5000, 0.5000, 0.5000, 0.5000, 0.5000, 0.5000, 0.5000, 0.5000, 0.5000, 0.5000, 0.5000, 0.5000, 0.5000, 0.5000, 0.5000, 0.5000, 0.5000, 0.5000, 0.5000, 0.5000, 0.5000, 0.5000, 0.5000, 0.5000, 0.5000, 0.5000, 0.5000, 0.5000, 0.5000, 0.5000, 0.5000, 0.5000, 0.5000, 0.5000, 0.5000, 0.5000, 0.5000, 0.5000, 0.5000, 0.5000, 0.5000, 0.5000, 0.5000, 0.5000, 0.5000, 0.5000, 0.5000, 0.5000, 0.5000, 0.5000, 0.5000, 0.5000, 0.5000, 0.5000, 0.5000, 0.5000, 0.5000, 0.5000, 0.5000, 0.5000, 0.5000, 0.5000, 0.5000, 0.5000, 0.5000, 0.5000, 0.5000, 0.5000, 0.5000, 0.5000, 0.5000, 0.5000, 0.5000, 0.5000, 0.5000, 0.5000, 0.5000, 0.5000, 0.5000, 0.5000, 0.5000, 0.5000, 0.5000, 0.5000, 0.5000, 0.5000, 0.5000, 0.5000, 0.5000, 0.5000, 0.5000, 0.5000, 0.5000, 0.5000, 0.5000, 0.5000, 0.5000, 0.5000, 0.5000, 0.5000, 0.5000, 0.5000, 0.5000, 0.5000, 0.5000, 0.5000, 0.5000, 0.5000, 0.5000, 0.5000, 0.5000, 0.5000, 0.5000, 0.5000, 0.5000, 0.5000, 0.5000, 0.5000, 0.5000, 0.5000, 0.5000, 0.5000, 0.5000, 0.5000, 0.5000, 0.5000, 0.5000, 0.5000, 0.5000, 0.5000, 0.5000, 0.5000, 0.5000, 0.5000, 0.5000, 0.5000, 0.5000, 0.5000, 0.5000, 0.5000, 0.5000, 0.5000, 0.5000, 0.5000, 0.5000, 0.5000, 0.5000, 0.5000, 0.5000, 0.5000, 0.5000, 0.5000, 0.5000, 0.5000, 0.5000, 0.5000, 0.5000, 0.5000, 0.5000, 0.5000, 0.5000, 0.5000, 0.5000, 0.5000, 0.5000, 0.5000, 0.5000, 0.5000, 0.5000, 0.5000, 0.5000, 0.5000, 0.5000, 0.5000, 0.5000, 0.5000, 0.5000, 0.5000, 0.5000, 0.5000, 0.5000, 0.5000, 0.5000, 0.5000, 0.5000, 0.5000, 0.5000, 0.5000, 0.5000, 0.5000, 0.5000, 0.5000]

N = 29: prop = 0.5000
[0.0000, 0.7143, 0.3636, 0.5882, 0.4286, 0.5600, 0.4516, 0.5429, 0.4615, 0.5333, 0.4694, 0.5283, 0.4746, 0.5238, 0.4776, 0.5205, 0.4805, 0.5185, 0.4828, 0.5165, 0.4842, 0.5149, 0.4857, 0.5138, 0.4870, 0.5126, 0.4878, 0.5116, 0.4887, 0.5109, 0.4895, 0.5102, 0.4901, 0.5096, 0.4907, 0.5091, 0.4912, 0.5086, 0.4916, 0.5081, 0.4921, 0.5078, 0.4925, 0.5074, 0.4928, 0.5070, 0.4931, 0.5068, 0.4934, 0.5065, 0.4936, 0.5062, 0.4939, 0.5060, 0.4941, 0.5058, 0.4943, 0.5056, 0.4945, 0.5054, 0.4947, 0.5052, 0.4948, 0.5051, 0.4950, 0.5049, 0.4952, 0.5048, 0.4953, 0.5046, 0.4954, 0.5045, 0.4956, 0.5044, 0.4957, 0.5042, 0.4958, 0.5042, 0.4959, 0.5040, 0.4960, 0.5039, 0.4961, 0.5039, 0.4962, 0.5038, 0.4963, 0.5037, 0.4964, 0.5036, 0.4965, 0.5035, 0.4965, 0.5034, 0.4966, 0.5034, 0.4967, 0.5033, 0.4967, 0.5032, 0.4968, 0.5032, 0.4969, 0.5031, 0.4969, 0.5030, 0.4970, 0.5030, 0.4970, 0.5029, 0.4971, 0.5029, 0.4971, 0.5028, 0.4972, 0.5028, 0.4972, 0.5027, 0.4973, 0.5027, 0.4973, 0.5026, 0.4974, 0.5026, 0.4974, 0.5026, 0.4975, 0.5025, 0.4975, 0.5025, 0.4975, 0.5024, 0.4976, 0.5024, 0.4976, 0.5024, 0.4976, 0.5023, 0.4977, 0.5023, 0.4977, 0.5023, 0.4977, 0.5022, 0.4978, 0.5022, 0.4978, 0.5022, 0.4978, 0.5022, 0.4979, 0.5021, 0.4979, 0.5021, 0.4979, 0.5021, 0.4979, 0.5020, 0.4980, 0.5020, 0.4980, 0.5020, 0.4980, 0.5020, 0.4980, 0.5019, 0.4981, 0.5019, 0.4981, 0.5019, 0.4981, 0.5019, 0.4981, 0.5019, 0.4982, 0.5018, 0.4982, 0.5018, 0.4982, 0.5018, 0.4982, 0.5018, 0.4982, 0.5018, 0.4983, 0.5017, 0.4983, 0.5017, 0.4983, 0.5017, 0.4983, 0.5017, 0.4983, 0.5017, 0.4983, 0.5016, 0.4984, 0.5016, 0.4984, 0.5016]

N = 30: prop = 0.5000
[0.0000, 1.0000, 0.0000, 0.6667, 0.3333, 0.6667, 0.4000, 0.6000, 0.4000, 0.5714, 0.4286, 0.5714, 0.4444, 0.5556, 0.4444, 0.5455, 0.4545, 0.5455, 0.4615, 0.5385, 0.4615, 0.5333, 0.4667, 0.5333, 0.4706, 0.5294, 0.4706, 0.5263, 0.4737, 0.5263, 0.4762, 0.5238, 0.4762, 0.5217, 0.4783, 0.5217, 0.4800, 0.5200, 0.4800, 0.5185, 0.4815, 0.5185, 0.4828, 0.5172, 0.4828, 0.5161, 0.4839, 0.5161, 0.4848, 0.5152, 0.4848, 0.5143, 0.4857, 0.5143, 0.4865, 0.5135, 0.4865, 0.5128, 0.4872, 0.5128, 0.4878, 0.5122, 0.4878, 0.5116, 0.4884, 0.5116, 0.4889, 0.5111, 0.4889, 0.5106, 0.4894, 0.5106, 0.4898, 0.5102, 0.4898, 0.5098, 0.4902, 0.5098, 0.4906, 0.5094, 0.4906, 0.5091, 0.4909, 0.5091, 0.4912, 0.5088, 0.4912, 0.5085, 0.4915, 0.5085, 0.4918, 0.5082, 0.4918, 0.5079, 0.4921, 0.5079, 0.4923, 0.5077, 0.4923, 0.5075, 0.4925, 0.5075, 0.4928, 0.5072, 0.4928, 0.5070, 0.4930, 0.5070, 0.4932, 0.5068, 0.4932, 0.5067, 0.4933, 0.5067, 0.4935, 0.5065, 0.4935, 0.5063, 0.4937, 0.5063, 0.4938, 0.5062, 0.4938, 0.5060, 0.4940, 0.5060, 0.4941, 0.5059, 0.4941, 0.5057, 0.4943, 0.5057, 0.4944, 0.5056, 0.4944, 0.5055, 0.4945, 0.5055, 0.4946, 0.5054, 0.4946, 0.5053, 0.4947, 0.5053, 0.4948, 0.5052, 0.4948, 0.5051, 0.4949, 0.5051, 0.4950, 0.5050, 0.4950, 0.5049, 0.4951, 0.5049, 0.4952, 0.5048, 0.4952, 0.5047, 0.4953, 0.5047, 0.4954, 0.5046, 0.4954, 0.5045, 0.4955, 0.5045, 0.4956, 0.5044, 0.4956, 0.5043, 0.4957, 0.5043, 0.4957, 0.5043, 0.4957, 0.5042, 0.4958, 0.5042, 0.4959, 0.5041, 0.4959, 0.5041, 0.4959, 0.5041, 0.4960, 0.5040, 0.4960, 0.5039, 0.4961, 0.5039, 0.4961, 0.5039, 0.4961, 0.5038, 0.4962, 0.5038, 0.4962, 0.5038]

N = 31: prop = 0.5000
[0.0000, 0.7143, 0.3846, 0.5882, 0.4348, 0.5556, 0.4545, 0.5405, 0.4651, 0.5319, 0.4717, 0.5263, 0.4762, 0.5224, 0.4795, 0.5195, 0.4819, 0.5172, 0.4839, 0.5155, 0.4854, 0.5140, 0.4867, 0.5128, 0.4878, 0.5118, 0.4887, 0.5109, 0.4895, 0.5102, 0.4902, 0.5096, 0.4908, 0.5090, 0.4913, 0.5085, 0.4918, 0.5080, 0.4922, 0.5076, 0.4926, 0.5072, 0.4930, 0.5069, 0.4933, 0.5066, 0.4936, 0.5063, 0.4938, 0.5061, 0.4941, 0.5058, 0.4943, 0.5056, 0.4945, 0.5054, 0.4947, 0.5052, 0.4949, 0.5051, 0.4950, 0.5049, 0.4952, 0.5047, 0.4954, 0.5046, 0.4955, 0.5045, 0.4956, 0.5043, 0.4958, 0.5042, 0.4959, 0.5041, 0.4960, 0.5040, 0.4961, 0.5039, 0.4962, 0.5038, 0.4963, 0.5037, 0.4964, 0.5036, 0.4965, 0.5035, 0.4965, 0.5034, 0.4966, 0.5034, 0.4967, 0.5033, 0.4968, 0.5032, 0.4968, 0.5031, 0.4969, 0.5031, 0.4970, 0.5030, 0.4970, 0.5030, 0.4971, 0.5029, 0.4971, 0.5028, 0.4972, 0.5028, 0.4972, 0.5027, 0.4973, 0.5027, 0.4973, 0.5026, 0.4974, 0.5026, 0.4974, 0.5026, 0.4975, 0.5025, 0.4975, 0.5025, 0.4976, 0.5024, 0.4976, 0.5024, 0.4976, 0.5024, 0.4977, 0.5023, 0.4977, 0.5023, 0.4977, 0.5022, 0.4978, 0.5022, 0.4978, 0.5022, 0.4978, 0.5022, 0.4979, 0.5021, 0.4979, 0.5021, 0.4979, 0.5021, 0.4980, 0.5020, 0.4980, 0.5020, 0.4980, 0.5020, 0.4980, 0.5020, 0.4981, 0.5019, 0.4981, 0.5019, 0.4981, 0.5019, 0.4981, 0.5019, 0.4982, 0.5018, 0.4982, 0.5018, 0.4982, 0.5018, 0.4982, 0.5018, 0.4982, 0.5018, 0.4983, 0.5017, 0.4983, 0.5017, 0.4983, 0.5017, 0.4983, 0.5017, 0.4983, 0.5017, 0.4984, 0.5016, 0.4984, 0.5016, 0.4984, 0.5016, 0.4984, 0.5016, 0.4984, 0.5016, 0.4984, 0.5016, 0.4985, 0.5015, 0.4985, 0.5015, 0.4985, 0.5015]

N = 32: prop = 0.5000
[0.0000, 0.6667, 0.4000, 0.5714, 0.4444, 0.5455, 0.4615, 0.5333, 0.4706, 0.5263, 0.4762, 0.5217, 0.4800, 0.5185, 0.4828, 0.5161, 0.4848, 0.5143, 0.4865, 0.5128, 0.4878, 0.5116, 0.4889, 0.5106, 0.4898, 0.5098, 0.4906, 0.5091, 0.4912, 0.5085, 0.4918, 0.5079, 0.4923, 0.5075, 0.4928, 0.5070, 0.4932, 0.5067, 0.4935, 0.5063, 0.4938, 0.5060, 0.4941, 0.5057, 0.4944, 0.5055, 0.4946, 0.5053, 0.4948, 0.5051, 0.4950, 0.5049, 0.4952, 0.5047, 0.4954, 0.5045, 0.4956, 0.5043, 0.4957, 0.5042, 0.4959, 0.5041, 0.4960, 0.5039, 0.4961, 0.5038, 0.4962, 0.5037, 0.4964, 0.5036, 0.4965, 0.5035, 0.4966, 0.5034, 0.4966, 0.5033, 0.4967, 0.5032, 0.4968, 0.5031, 0.4969, 0.5031, 0.4970, 0.5030, 0.4970, 0.5029, 0.4971, 0.5029, 0.4972, 0.5028, 0.4972, 0.5027, 0.4973, 0.5027, 0.4974, 0.5026, 0.4974, 0.5026, 0.4975, 0.5025, 0.4975, 0.5025, 0.4976, 0.5024, 0.4976, 0.5024, 0.4977, 0.5023, 0.4977, 0.5023, 0.4977, 0.5022, 0.4978, 0.5022, 0.4978, 0.5022, 0.4979, 0.5021, 0.4979, 0.5021, 0.4979, 0.5021, 0.4980, 0.5020, 0.4980, 0.5020, 0.4980, 0.5020, 0.4981, 0.5019, 0.4981, 0.5019, 0.4981, 0.5019, 0.4981, 0.5018, 0.4982, 0.5018, 0.4982, 0.5018, 0.4982, 0.5018, 0.4982, 0.5017, 0.4983, 0.5017, 0.4983, 0.5017, 0.4983, 0.5017, 0.4983, 0.5017, 0.4984, 0.5016, 0.4984, 0.5016, 0.4984, 0.5016, 0.4984, 0.5016, 0.4984, 0.5015, 0.4985, 0.5015, 0.4985, 0.5015, 0.4985, 0.5015, 0.4985, 0.5015, 0.4985, 0.5015, 0.4986, 0.5014, 0.4986, 0.5014, 0.4986, 0.5014, 0.4986, 0.5014, 0.4986, 0.5014, 0.4986, 0.5014, 0.4986, 0.5013, 0.4987, 0.5013, 0.4987, 0.5013, 0.4987, 0.5013, 0.4987, 0.5013, 0.4987, 0.5013, 0.4987, 0.5013, 0.4987, 0.5013]

N = 33: prop = 0.5000
[0.0000, 0.6667, 0.3750, 0.5833, 0.4286, 0.5500, 0.4500, 0.5385, 0.4643, 0.5312, 0.4706, 0.5250, 0.4750, 0.5217, 0.4792, 0.5192, 0.4815, 0.5167, 0.4833, 0.5152, 0.4853, 0.5139, 0.4865, 0.5125, 0.4875, 0.5116, 0.4886, 0.5109, 0.4894, 0.5100, 0.4900, 0.5094, 0.4907, 0.5089, 0.4912, 0.5083, 0.4917, 0.5079, 0.4922, 0.5076, 0.4925, 0.5071, 0.4929, 0.5068, 0.4932, 0.5066, 0.4935, 0.5062, 0.4938, 0.5060, 0.4940, 0.5058, 0.4943, 0.5056, 0.4944, 0.5054, 0.4947, 0.5052, 0.4948, 0.5050, 0.4950, 0.5049, 0.4952, 0.5047, 0.4953, 0.5045, 0.4955, 0.5044, 0.4956, 0.5043, 0.4957, 0.5042, 0.4958, 0.5041, 0.4960, 0.5040, 0.4961, 0.5038, 0.4962, 0.5038, 0.4963, 0.5037, 0.4964, 0.5036, 0.4964, 0.5035, 0.4965, 0.5034, 0.4966, 0.5033, 0.4967, 0.5033, 0.4968, 0.5032, 0.4968, 0.5031, 0.4969, 0.5031, 0.4970, 0.5030, 0.4970, 0.5029, 0.4971, 0.5029, 0.4971, 0.5028, 0.4972, 0.5028, 0.4972, 0.5027, 0.4973, 0.5027, 0.4973, 0.5026, 0.4974, 0.5026, 0.4974, 0.5026, 0.4975, 0.5025, 0.4975, 0.5025, 0.4975, 0.5024, 0.4976, 0.5024, 0.4976, 0.5023, 0.4977, 0.5023, 0.4977, 0.5023, 0.4977, 0.5022, 0.4978, 0.5022, 0.4978, 0.5022, 0.4978, 0.5021, 0.4979, 0.5021, 0.4979, 0.5021, 0.4979, 0.5021, 0.4980, 0.5020, 0.4980, 0.5020, 0.4980, 0.5020, 0.4980, 0.5020, 0.4981, 0.5019, 0.4981, 0.5019, 0.4981, 0.5019, 0.4981, 0.5019, 0.4981, 0.5018, 0.4982, 0.5018, 0.4982, 0.5018, 0.4982, 0.5018, 0.4982, 0.5017, 0.4983, 0.5017, 0.4983, 0.5017, 0.4983, 0.5017, 0.4983, 0.5017, 0.4983, 0.5017, 0.4984, 0.5016, 0.4984, 0.5016, 0.4984, 0.5016, 0.4984, 0.5016, 0.4984, 0.5016, 0.4984, 0.5015, 0.4985, 0.5015, 0.4985, 0.5015, 0.4985, 0.5015]

N = 34: prop = 0.5000
[0.0000, 0.7500, 0.3750, 0.6250, 0.4167, 0.5625, 0.4375, 0.5500, 0.4583, 0.5417, 0.4643, 0.5312, 0.4688, 0.5278, 0.4750, 0.5250, 0.4773, 0.5208, 0.4792, 0.5192, 0.4821, 0.5179, 0.4833, 0.5156, 0.4844, 0.5147, 0.4861, 0.5139, 0.4868, 0.5125, 0.4875, 0.5119, 0.4886, 0.5114, 0.4891, 0.5104, 0.4896, 0.5100, 0.4904, 0.5096, 0.4907, 0.5089, 0.4911, 0.5086, 0.4917, 0.5083, 0.4919, 0.5078, 0.4922, 0.5076, 0.4926, 0.5074, 0.4929, 0.5069, 0.4931, 0.5068, 0.4934, 0.5066, 0.4936, 0.5062, 0.4938, 0.5061, 0.4940, 0.5060, 0.4942, 0.5057, 0.4943, 0.5056, 0.4946, 0.5054, 0.4947, 0.5052, 0.4948, 0.5051, 0.4950, 0.5050, 0.4951, 0.5048, 0.4952, 0.5047, 0.4954, 0.5046, 0.4955, 0.5045, 0.4955, 0.5044, 0.4957, 0.5043, 0.4958, 0.5042, 0.4958, 0.5041, 0.4960, 0.5040, 0.4960, 0.5039, 0.4961, 0.5038, 0.4962, 0.5038, 0.4963, 0.5037, 0.4963, 0.5036, 0.4964, 0.5036, 0.4965, 0.5035, 0.4965, 0.5034, 0.4966, 0.5034, 0.4967, 0.5033, 0.4967, 0.5032, 0.4968, 0.5032, 0.4968, 0.5031, 0.4969, 0.5031, 0.4970, 0.5030, 0.4970, 0.5030, 0.4970, 0.5029, 0.4971, 0.5029, 0.4971, 0.5028, 0.4972, 0.5028, 0.4972, 0.5028, 0.4973, 0.5027, 0.4973, 0.5027, 0.4973, 0.5027, 0.4974, 0.5026, 0.4974, 0.5026, 0.4974, 0.5026, 0.4975, 0.5025, 0.4975, 0.5025, 0.4975, 0.5025, 0.4976, 0.5024, 0.4976, 0.5024, 0.4976, 0.5024, 0.4977, 0.5023, 0.4977, 0.5023, 0.4977, 0.5023, 0.4977, 0.5022, 0.4978, 0.5022, 0.4978, 0.5022, 0.4978, 0.5022, 0.4978, 0.5021, 0.4979, 0.5021, 0.4979, 0.5021, 0.4979, 0.5021, 0.4980, 0.5020, 0.4980, 0.5020, 0.4980, 0.5020, 0.4980, 0.5020, 0.4980, 0.5020, 0.4980, 0.5019, 0.4981, 0.5019, 0.4981, 0.5019, 0.4981, 0.5019]

N = 35: prop = 0.5000
[0.0000, 0.8333, 0.3000, 0.6429, 0.3889, 0.5909, 0.4231, 0.5667, 0.4412, 0.5526, 0.4524, 0.5435, 0.4600, 0.5370, 0.4655, 0.5323, 0.4697, 0.5286, 0.4730, 0.5256, 0.4756, 0.5233, 0.4778, 0.5213, 0.4796, 0.5196, 0.4811, 0.5182, 0.4825, 0.5169, 0.4836, 0.5159, 0.4846, 0.5149, 0.4855, 0.5141, 0.4863, 0.5133, 0.4870, 0.5127, 0.4877, 0.5120, 0.4882, 0.5115, 0.4888, 0.5110, 0.4892, 0.5105, 0.4897, 0.5101, 0.4901, 0.5097, 0.4905, 0.5093, 0.4908, 0.5090, 0.4912, 0.5087, 0.4915, 0.5084, 0.4917, 0.5081, 0.4920, 0.5079, 0.4922, 0.5076, 0.4925, 0.5074, 0.4927, 0.5072, 0.4929, 0.5070, 0.4931, 0.5068, 0.4933, 0.5066, 0.4935, 0.5065, 0.4936, 0.5063, 0.4938, 0.5061, 0.4939, 0.5060, 0.4941, 0.5058, 0.4942, 0.5057, 0.4944, 0.5056, 0.4945, 0.5055, 0.4946, 0.5053, 0.4947, 0.5052, 0.4948, 0.5051, 0.4949, 0.5050, 0.4950, 0.5049, 0.4951, 0.5048, 0.4952, 0.5047, 0.4953, 0.5047, 0.4954, 0.5046, 0.4955, 0.5045, 0.4956, 0.5044, 0.4956, 0.5043, 0.4957, 0.5043, 0.4958, 0.5042, 0.4959, 0.5041, 0.4959, 0.5040, 0.4960, 0.5040, 0.4960, 0.5039, 0.4961, 0.5039, 0.4962, 0.5038, 0.4962, 0.5037, 0.4963, 0.5037, 0.4963, 0.5036, 0.4964, 0.5036, 0.4964, 0.5035, 0.4965, 0.5035, 0.4965, 0.5034, 0.4966, 0.5034, 0.4966, 0.5033, 0.4967, 0.5033, 0.4967, 0.5033, 0.4968, 0.5032, 0.4968, 0.5032, 0.4968, 0.5031, 0.4969, 0.5031, 0.4969, 0.5031, 0.4970, 0.5030, 0.4970, 0.5030, 0.4970, 0.5029, 0.4971, 0.5029, 0.4971, 0.5029, 0.4971, 0.5028, 0.4972, 0.5028, 0.4972, 0.5028, 0.4972, 0.5028, 0.4973, 0.5027, 0.4973, 0.5027, 0.4973, 0.5027, 0.4973, 0.5026, 0.4974, 0.5026, 0.4974, 0.5026, 0.4974, 0.5026, 0.4975, 0.5025, 0.4975, 0.5025]

N = 36: prop = 0.6000
[0.0000, 1.0000, 0.5000, 0.6667, 0.5000, 0.7500, 0.5000, 0.6667, 0.5714, 0.6250, 0.5556, 0.6667, 0.5455, 0.6364, 0.5833, 0.6154, 0.5714, 0.6429, 0.5625, 0.6250, 0.5882, 0.6111, 0.5789, 0.6316, 0.5714, 0.6190, 0.5909, 0.6087, 0.5833, 0.6250, 0.5769, 0.6154, 0.5926, 0.6071, 0.5862, 0.6207, 0.5806, 0.6129, 0.5938, 0.6061, 0.5882, 0.6176, 0.5833, 0.6111, 0.5946, 0.6053, 0.5897, 0.6154, 0.5854, 0.6098, 0.5952, 0.6047, 0.5909, 0.6136, 0.5870, 0.6087, 0.5957, 0.6042, 0.5918, 0.6122, 0.5882, 0.6078, 0.5962, 0.6038, 0.5926, 0.6111, 0.5893, 0.6071, 0.5965, 0.6034, 0.5932, 0.6102, 0.5902, 0.6066, 0.5968, 0.6032, 0.5938, 0.6094, 0.5909, 0.6061, 0.5970, 0.6029, 0.5942, 0.6087, 0.5915, 0.6056, 0.5972, 0.6027, 0.5946, 0.6081, 0.5921, 0.6053, 0.5974, 0.6026, 0.5949, 0.6076, 0.5926, 0.6049, 0.5976, 0.6024, 0.5952, 0.6071, 0.5930, 0.6047, 0.5977, 0.6023, 0.5955, 0.6067, 0.5934, 0.6044, 0.5978, 0.6022, 0.5957, 0.6064, 0.5938, 0.6042, 0.5979, 0.6020, 0.5960, 0.6061, 0.5941, 0.6040, 0.5980, 0.6019, 0.5962, 0.6058, 0.5943, 0.6038, 0.5981, 0.6019, 0.5963, 0.6055, 0.5946, 0.6036, 0.5982, 0.6018, 0.5965, 0.6053, 0.5948, 0.6034, 0.5983, 0.6017, 0.5966, 0.6050, 0.5950, 0.6033, 0.5984, 0.6016, 0.5968, 0.6048, 0.5952, 0.6032, 0.5984, 0.6016, 0.5969, 0.6047, 0.5954, 0.6031, 0.5985, 0.6015, 0.5970, 0.6045, 0.5956, 0.6029, 0.5985, 0.6014, 0.5971, 0.6043, 0.5957, 0.6028, 0.5986, 0.6014, 0.5972, 0.6042, 0.5959, 0.6027, 0.5986, 0.6014, 0.5973, 0.6040, 0.5960, 0.6026, 0.5987, 0.6013, 0.5974, 0.6039, 0.5962, 0.6026, 0.5987, 0.6013, 0.5975, 0.6038, 0.5963, 0.6025, 0.5988, 0.6012, 0.5976, 0.6037, 0.5964, 0.6024]

N = 37: prop = 0.5000
[0.5000, 0.5556, 0.4667, 0.5238, 0.4815, 0.5152, 0.4872, 0.5111, 0.4902, 0.5088, 0.4921, 0.5072, 0.4933, 0.5062, 0.4943, 0.5054, 0.4949, 0.5048, 0.4955, 0.5043, 0.4959, 0.5039, 0.4963, 0.5035, 0.4966, 0.5033, 0.4969, 0.5030, 0.4971, 0.5028, 0.4973, 0.5026, 0.4974, 0.5025, 0.4976, 0.5023, 0.4977, 0.5022, 0.4978, 0.5021, 0.4979, 0.5020, 0.4980, 0.5019, 0.4981, 0.5018, 0.4982, 0.5018, 0.4983, 0.5017, 0.4983, 0.5016, 0.4984, 0.5016, 0.4985, 0.5015, 0.4985, 0.5014, 0.4986, 0.5014, 0.4986, 0.5014, 0.4987, 0.5013, 0.4987, 0.5013, 0.4987, 0.5012, 0.4988, 0.5012, 0.4988, 0.5012, 0.4989, 0.5011, 0.4989, 0.5011, 0.4989, 0.5011, 0.4989, 0.5010, 0.4990, 0.5010, 0.4990, 0.5010, 0.4990, 0.5010, 0.4990, 0.5010, 0.4991, 0.5009, 0.4991, 0.5009, 0.4991, 0.5009, 0.4991, 0.5009, 0.4991, 0.5009, 0.4992, 0.5008, 0.4992, 0.5008, 0.4992, 0.5008, 0.4992, 0.5008, 0.4992, 0.5008, 0.4992, 0.5008, 0.4992, 0.5007, 0.4993, 0.5007, 0.4993, 0.5007, 0.4993, 0.5007, 0.4993, 0.5007, 0.4993, 0.5007, 0.4993, 0.5007, 0.4993, 0.5007, 0.4993, 0.5007, 0.4994, 0.5006, 0.4994, 0.5006, 0.4994, 0.5006, 0.4994, 0.5006, 0.4994, 0.5006, 0.4994, 0.5006, 0.4994, 0.5006, 0.4994, 0.5006, 0.4994, 0.5006, 0.4994, 0.5006, 0.4994, 0.5006, 0.4994, 0.5006, 0.4995, 0.5005, 0.4995, 0.5005, 0.4995, 0.5005, 0.4995, 0.5005, 0.4995, 0.5005, 0.4995, 0.5005, 0.4995, 0.5005, 0.4995, 0.5005, 0.4995, 0.5005, 0.4995, 0.5005, 0.4995, 0.5005, 0.4995, 0.5005, 0.4995, 0.5005, 0.4995, 0.5005, 0.4995, 0.5005, 0.4995, 0.5005, 0.4995, 0.5004, 0.4996, 0.5004, 0.4996, 0.5004, 0.4996, 0.5004, 0.4996, 0.5004, 0.4996, 0.5004, 0.4996, 0.5004, 0.4996, 0.5004]

N = 38: prop = 0.5000
[0.0000, 0.8000, 0.2857, 0.6364, 0.3846, 0.5882, 0.4211, 0.5652, 0.4400, 0.5517, 0.4516, 0.5429, 0.4595, 0.5366, 0.4651, 0.5319, 0.4694, 0.5283, 0.4727, 0.5254, 0.4754, 0.5231, 0.4776, 0.5211, 0.4795, 0.5195, 0.4810, 0.5181, 0.4824, 0.5169, 0.4835, 0.5158, 0.4845, 0.5149, 0.4854, 0.5140, 0.4862, 0.5133, 0.4870, 0.5126, 0.4876, 0.5120, 0.4882, 0.5115, 0.4887, 0.5109, 0.4892, 0.5105, 0.4897, 0.5101, 0.4901, 0.5097, 0.4904, 0.5093, 0.4908, 0.5090, 0.4911, 0.5087, 0.4914, 0.5084, 0.4917, 0.5081, 0.4920, 0.5079, 0.4922, 0.5076, 0.4925, 0.5074, 0.4927, 0.5072, 0.4929, 0.5070, 0.4931, 0.5068, 0.4933, 0.5066, 0.4934, 0.5064, 0.4936, 0.5063, 0.4938, 0.5061, 0.4939, 0.5060, 0.4941, 0.5058, 0.4942, 0.5057, 0.4943, 0.5056, 0.4945, 0.5055, 0.4946, 0.5053, 0.4947, 0.5052, 0.4948, 0.5051, 0.4949, 0.5050, 0.4950, 0.5049, 0.4951, 0.5048, 0.4952, 0.5047, 0.4953, 0.5046, 0.4954, 0.5046, 0.4955, 0.5045, 0.4955, 0.5044, 0.4956, 0.5043, 0.4957, 0.5042, 0.4958, 0.5042, 0.4958, 0.5041, 0.4959, 0.5040, 0.4960, 0.5040, 0.4960, 0.5039, 0.4961, 0.5039, 0.4962, 0.5038, 0.4962, 0.5037, 0.4963, 0.5037, 0.4963, 0.5036, 0.4964, 0.5036, 0.4964, 0.5035, 0.4965, 0.5035, 0.4965, 0.5034, 0.4966, 0.5034, 0.4966, 0.5033, 0.4967, 0.5033, 0.4967, 0.5033, 0.4968, 0.5032, 0.4968, 0.5032, 0.4968, 0.5031, 0.4969, 0.5031, 0.4969, 0.5031, 0.4970, 0.5030, 0.4970, 0.5030, 0.4970, 0.5029, 0.4971, 0.5029, 0.4971, 0.5029, 0.4971, 0.5028, 0.4972, 0.5028, 0.4972, 0.5028, 0.4972, 0.5028, 0.4973, 0.5027, 0.4973, 0.5027, 0.4973, 0.5027, 0.4973, 0.5026, 0.4974, 0.5026, 0.4974, 0.5026, 0.4974, 0.5026, 0.4975, 0.5025, 0.4975, 0.5025]

N = 39: prop = 0.5000
[0.0000, 0.8333, 0.3000, 0.6429, 0.3889, 0.5909, 0.4231, 0.5667, 0.4412, 0.5526, 0.4524, 0.5435, 0.4600, 0.5370, 0.4655, 0.5323, 0.4697, 0.5286, 0.4730, 0.5256, 0.4756, 0.5233, 0.4778, 0.5213, 0.4796, 0.5196, 0.4811, 0.5182, 0.4825, 0.5169, 0.4836, 0.5159, 0.4846, 0.5149, 0.4855, 0.5141, 0.4863, 0.5133, 0.4870, 0.5127, 0.4877, 0.5120, 0.4882, 0.5115, 0.4888, 0.5110, 0.4892, 0.5105, 0.4897, 0.5101, 0.4901, 0.5097, 0.4905, 0.5093, 0.4908, 0.5090, 0.4912, 0.5087, 0.4915, 0.5084, 0.4917, 0.5081, 0.4920, 0.5079, 0.4922, 0.5076, 0.4925, 0.5074, 0.4927, 0.5072, 0.4929, 0.5070, 0.4931, 0.5068, 0.4933, 0.5066, 0.4935, 0.5065, 0.4936, 0.5063, 0.4938, 0.5061, 0.4939, 0.5060, 0.4941, 0.5058, 0.4942, 0.5057, 0.4944, 0.5056, 0.4945, 0.5055, 0.4946, 0.5053, 0.4947, 0.5052, 0.4948, 0.5051, 0.4949, 0.5050, 0.4950, 0.5049, 0.4951, 0.5048, 0.4952, 0.5047, 0.4953, 0.5047, 0.4954, 0.5046, 0.4955, 0.5045, 0.4956, 0.5044, 0.4956, 0.5043, 0.4957, 0.5043, 0.4958, 0.5042, 0.4959, 0.5041, 0.4959, 0.5040, 0.4960, 0.5040, 0.4960, 0.5039, 0.4961, 0.5039, 0.4962, 0.5038, 0.4962, 0.5037, 0.4963, 0.5037, 0.4963, 0.5036, 0.4964, 0.5036, 0.4964, 0.5035, 0.4965, 0.5035, 0.4965, 0.5034, 0.4966, 0.5034, 0.4966, 0.5033, 0.4967, 0.5033, 0.4967, 0.5033, 0.4968, 0.5032, 0.4968, 0.5032, 0.4968, 0.5031, 0.4969, 0.5031, 0.4969, 0.5031, 0.4970, 0.5030, 0.4970, 0.5030, 0.4970, 0.5029, 0.4971, 0.5029, 0.4971, 0.5029, 0.4971, 0.5028, 0.4972, 0.5028, 0.4972, 0.5028, 0.4972, 0.5028, 0.4973, 0.5027, 0.4973, 0.5027, 0.4973, 0.5027, 0.4973, 0.5026, 0.4974, 0.5026, 0.4974, 0.5026, 0.4974, 0.5026, 0.4975, 0.5025, 0.4975, 0.5025]

N = 40: prop = 0.5000
[0.0000, 0.6667, 0.4000, 0.5714, 0.4444, 0.5455, 0.4615, 0.5333, 0.4706, 0.5263, 0.4762, 0.5217, 0.4800, 0.5185, 0.4828, 0.5161, 0.4848, 0.5143, 0.4865, 0.5128, 0.4878, 0.5116, 0.4889, 0.5106, 0.4898, 0.5098, 0.4906, 0.5091, 0.4912, 0.5085, 0.4918, 0.5079, 0.4923, 0.5075, 0.4928, 0.5070, 0.4932, 0.5067, 0.4935, 0.5063, 0.4938, 0.5060, 0.4941, 0.5057, 0.4944, 0.5055, 0.4946, 0.5053, 0.4948, 0.5051, 0.4950, 0.5049, 0.4952, 0.5047, 0.4954, 0.5045, 0.4956, 0.5043, 0.4957, 0.5042, 0.4959, 0.5041, 0.4960, 0.5039, 0.4961, 0.5038, 0.4962, 0.5037, 0.4964, 0.5036, 0.4965, 0.5035, 0.4966, 0.5034, 0.4966, 0.5033, 0.4967, 0.5032, 0.4968, 0.5031, 0.4969, 0.5031, 0.4970, 0.5030, 0.4970, 0.5029, 0.4971, 0.5029, 0.4972, 0.5028, 0.4972, 0.5027, 0.4973, 0.5027, 0.4974, 0.5026, 0.4974, 0.5026, 0.4975, 0.5025, 0.4975, 0.5025, 0.4976, 0.5024, 0.4976, 0.5024, 0.4977, 0.5023, 0.4977, 0.5023, 0.4977, 0.5022, 0.4978, 0.5022, 0.4978, 0.5022, 0.4979, 0.5021, 0.4979, 0.5021, 0.4979, 0.5021, 0.4980, 0.5020, 0.4980, 0.5020, 0.4980, 0.5020, 0.4981, 0.5019, 0.4981, 0.5019, 0.4981, 0.5019, 0.4981, 0.5018, 0.4982, 0.5018, 0.4982, 0.5018, 0.4982, 0.5018, 0.4982, 0.5017, 0.4983, 0.5017, 0.4983, 0.5017, 0.4983, 0.5017, 0.4983, 0.5017, 0.4984, 0.5016, 0.4984, 0.5016, 0.4984, 0.5016, 0.4984, 0.5016, 0.4984, 0.5015, 0.4985, 0.5015, 0.4985, 0.5015, 0.4985, 0.5015, 0.4985, 0.5015, 0.4985, 0.5015, 0.4986, 0.5014, 0.4986, 0.5014, 0.4986, 0.5014, 0.4986, 0.5014, 0.4986, 0.5014, 0.4986, 0.5014, 0.4986, 0.5013, 0.4987, 0.5013, 0.4987, 0.5013, 0.4987, 0.5013, 0.4987, 0.5013, 0.4987, 0.5013, 0.4987, 0.5013, 0.4987, 0.5013]

N = 41: prop = 0.5000
[0.0000, 0.7000, 0.3750, 0.5833, 0.4333, 0.5556, 0.4545, 0.5400, 0.4643, 0.5312, 0.4714, 0.5263, 0.4762, 0.5222, 0.4792, 0.5192, 0.4818, 0.5172, 0.4839, 0.5154, 0.4853, 0.5139, 0.4867, 0.5128, 0.4878, 0.5118, 0.4886, 0.5109, 0.4895, 0.5102, 0.4902, 0.5095, 0.4907, 0.5089, 0.4913, 0.5085, 0.4918, 0.5080, 0.4922, 0.5076, 0.4926, 0.5072, 0.4930, 0.5069, 0.4932, 0.5066, 0.4935, 0.5063, 0.4938, 0.5061, 0.4940, 0.5058, 0.4943, 0.5056, 0.4945, 0.5054, 0.4947, 0.5052, 0.4949, 0.5051, 0.4950, 0.5049, 0.4952, 0.5047, 0.4953, 0.5046, 0.4955, 0.5044, 0.4956, 0.5043, 0.4957, 0.5042, 0.4959, 0.5041, 0.4960, 0.5040, 0.4961, 0.5039, 0.4962, 0.5038, 0.4963, 0.5037, 0.4964, 0.5036, 0.4965, 0.5035, 0.4965, 0.5034, 0.4966, 0.5034, 0.4967, 0.5033, 0.4968, 0.5032, 0.4968, 0.5031, 0.4969, 0.5031, 0.4970, 0.5030, 0.4970, 0.5030, 0.4971, 0.5029, 0.4971, 0.5028, 0.4972, 0.5028, 0.4972, 0.5027, 0.4973, 0.5027, 0.4973, 0.5026, 0.4974, 0.5026, 0.4974, 0.5026, 0.4975, 0.5025, 0.4975, 0.5025, 0.4975, 0.5024, 0.4976, 0.5024, 0.4976, 0.5024, 0.4977, 0.5023, 0.4977, 0.5023, 0.4977, 0.5022, 0.4978, 0.5022, 0.4978, 0.5022, 0.4978, 0.5022, 0.4979, 0.5021, 0.4979, 0.5021, 0.4979, 0.5021, 0.4980, 0.5020, 0.4980, 0.5020, 0.4980, 0.5020, 0.4980, 0.5020, 0.4981, 0.5019, 0.4981, 0.5019, 0.4981, 0.5019, 0.4981, 0.5019, 0.4982, 0.5018, 0.4982, 0.5018, 0.4982, 0.5018, 0.4982, 0.5018, 0.4982, 0.5017, 0.4983, 0.5017, 0.4983, 0.5017, 0.4983, 0.5017, 0.4983, 0.5017, 0.4983, 0.5017, 0.4984, 0.5016, 0.4984, 0.5016, 0.4984, 0.5016, 0.4984, 0.5016, 0.4984, 0.5016, 0.4984, 0.5016, 0.4985, 0.5015, 0.4985, 0.5015, 0.4985, 0.5015]

N = 42: prop = 0.5000
[0.0000, 1.0000, 0.3333, 0.6667, 0.4000, 0.6000, 0.4286, 0.5714, 0.4444, 0.5556, 0.4545, 0.5455, 0.4615, 0.5385, 0.4667, 0.5333, 0.4706, 0.5294, 0.4737, 0.5263, 0.4762, 0.5238, 0.4783, 0.5217, 0.4800, 0.5200, 0.4815, 0.5185, 0.4828, 0.5172, 0.4839, 0.5161, 0.4848, 0.5152, 0.4857, 0.5143, 0.4865, 0.5135, 0.4872, 0.5128, 0.4878, 0.5122, 0.4884, 0.5116, 0.4889, 0.5111, 0.4894, 0.5106, 0.4898, 0.5102, 0.4902, 0.5098, 0.4906, 0.5094, 0.4909, 0.5091, 0.4912, 0.5088, 0.4915, 0.5085, 0.4918, 0.5082, 0.4921, 0.5079, 0.4923, 0.5077, 0.4925, 0.5075, 0.4928, 0.5072, 0.4930, 0.5070, 0.4932, 0.5068, 0.4933, 0.5067, 0.4935, 0.5065, 0.4937, 0.5063, 0.4938, 0.5062, 0.4940, 0.5060, 0.4941, 0.5059, 0.4943, 0.5057, 0.4944, 0.5056, 0.4945, 0.5055, 0.4946, 0.5054, 0.4947, 0.5053, 0.4948, 0.5052, 0.4949, 0.5051, 0.4950, 0.5050, 0.4951, 0.5049, 0.4952, 0.5048, 0.4953, 0.5047, 0.4954, 0.5046, 0.4955, 0.5045, 0.4956, 0.5044, 0.4957, 0.5043, 0.4957, 0.5043, 0.4958, 0.5042, 0.4959, 0.5041, 0.4959, 0.5041, 0.4960, 0.5040, 0.4961, 0.5039, 0.4961, 0.5039, 0.4962, 0.5038, 0.4962, 0.5038, 0.4963, 0.5037, 0.4964, 0.5036, 0.4964, 0.5036, 0.4965, 0.5035, 0.4965, 0.5035, 0.4966, 0.5034, 0.4966, 0.5034, 0.4966, 0.5034, 0.4967, 0.5033, 0.4967, 0.5033, 0.4968, 0.5032, 0.4968, 0.5032, 0.4969, 0.5031, 0.4969, 0.5031, 0.4969, 0.5031, 0.4970, 0.5030, 0.4970, 0.5030, 0.4970, 0.5030, 0.4971, 0.5029, 0.4971, 0.5029, 0.4971, 0.5029, 0.4972, 0.5028, 0.4972, 0.5028, 0.4972, 0.5028, 0.4973, 0.5027, 0.4973, 0.5027, 0.4973, 0.5027, 0.4974, 0.5026, 0.4974, 0.5026, 0.4974, 0.5026, 0.4974, 0.5026, 0.4975, 0.5025, 0.4975, 0.5025]

N = 43: prop = 0.5000
[0.3333, 0.6000, 0.4444, 0.5417, 0.4688, 0.5263, 0.4783, 0.5192, 0.4833, 0.5152, 0.4865, 0.5125, 0.4886, 0.5106, 0.4902, 0.5093, 0.4914, 0.5082, 0.4923, 0.5074, 0.4931, 0.5067, 0.4937, 0.5061, 0.4942, 0.5056, 0.4946, 0.5052, 0.4950, 0.5049, 0.4953, 0.5045, 0.4956, 0.5043, 0.4959, 0.5040, 0.4961, 0.5038, 0.4963, 0.5036, 0.4965, 0.5034, 0.4966, 0.5033, 0.4968, 0.5031, 0.4969, 0.5030, 0.4971, 0.5029, 0.4972, 0.5028, 0.4973, 0.5027, 0.4974, 0.5026, 0.4975, 0.5025, 0.4976, 0.5024, 0.4976, 0.5023, 0.4977, 0.5023, 0.4978, 0.5022, 0.4979, 0.5021, 0.4979, 0.5021, 0.4980, 0.5020, 0.4980, 0.5019, 0.4981, 0.5019, 0.4981, 0.5018, 0.4982, 0.5018, 0.4982, 0.5018, 0.4983, 0.5017, 0.4983, 0.5017, 0.4983, 0.5016, 0.4984, 0.5016, 0.4984, 0.5016, 0.4985, 0.5015, 0.4985, 0.5015, 0.4985, 0.5015, 0.4986, 0.5014, 0.4986, 0.5014, 0.4986, 0.5014, 0.4986, 0.5014, 0.4987, 0.5013, 0.4987, 0.5013, 0.4987, 0.5013, 0.4987, 0.5013, 0.4988, 0.5012, 0.4988, 0.5012, 0.4988, 0.5012, 0.4988, 0.5012, 0.4988, 0.5012, 0.4989, 0.5011, 0.4989, 0.5011, 0.4989, 0.5011, 0.4989, 0.5011, 0.4989, 0.5011, 0.4989, 0.5011, 0.4990, 0.5010, 0.4990, 0.5010, 0.4990, 0.5010, 0.4990, 0.5010, 0.4990, 0.5010, 0.4990, 0.5010, 0.4990, 0.5010, 0.4991, 0.5009, 0.4991, 0.5009, 0.4991, 0.5009, 0.4991, 0.5009, 0.4991, 0.5009, 0.4991, 0.5009, 0.4991, 0.5009, 0.4991, 0.5009, 0.4991, 0.5009, 0.4992, 0.5008, 0.4992, 0.5008, 0.4992, 0.5008, 0.4992, 0.5008, 0.4992, 0.5008, 0.4992, 0.5008, 0.4992, 0.5008, 0.4992, 0.5008, 0.4992, 0.5008, 0.4992, 0.5008, 0.4992, 0.5008, 0.4993, 0.5007, 0.4993, 0.5007, 0.4993, 0.5007, 0.4993, 0.5007, 0.4993, 0.5007]

N = 44: prop = 0.5000
[0.0000, 0.6667, 0.3333, 0.5714, 0.4286, 0.5556, 0.4545, 0.5385, 0.4615, 0.5294, 0.4706, 0.5263, 0.4762, 0.5217, 0.4783, 0.5185, 0.4815, 0.5172, 0.4839, 0.5152, 0.4848, 0.5135, 0.4865, 0.5128, 0.4878, 0.5116, 0.4884, 0.5106, 0.4894, 0.5102, 0.4902, 0.5094, 0.4906, 0.5088, 0.4912, 0.5085, 0.4918, 0.5079, 0.4921, 0.5075, 0.4925, 0.5072, 0.4930, 0.5068, 0.4932, 0.5065, 0.4935, 0.5063, 0.4938, 0.5060, 0.4940, 0.5057, 0.4943, 0.5056, 0.4945, 0.5054, 0.4946, 0.5052, 0.4948, 0.5051, 0.4950, 0.5049, 0.4951, 0.5047, 0.4953, 0.5046, 0.4955, 0.5044, 0.4956, 0.5043, 0.4957, 0.5042, 0.4959, 0.5041, 0.4959, 0.5039, 0.4961, 0.5039, 0.4962, 0.5038, 0.4962, 0.5036, 0.4964, 0.5036, 0.4965, 0.5035, 0.4965, 0.5034, 0.4966, 0.5034, 0.4967, 0.5033, 0.4967, 0.5032, 0.4968, 0.5031, 0.4969, 0.5031, 0.4969, 0.5030, 0.4970, 0.5030, 0.4971, 0.5029, 0.4971, 0.5028, 0.4972, 0.5028, 0.4972, 0.5027, 0.4973, 0.5027, 0.4973, 0.5026, 0.4974, 0.5026, 0.4974, 0.5025, 0.4975, 0.5025, 0.4975, 0.5025, 0.4975, 0.5024, 0.4976, 0.5024, 0.4976, 0.5023, 0.4977, 0.5023, 0.4977, 0.5023, 0.4977, 0.5022, 0.4978, 0.5022, 0.4978, 0.5022, 0.4978, 0.5021, 0.4979, 0.5021, 0.4979, 0.5021, 0.4979, 0.5021, 0.4979, 0.5020, 0.4980, 0.5020, 0.4980, 0.5020, 0.4980, 0.5019, 0.4981, 0.5019, 0.4981, 0.5019, 0.4981, 0.5019, 0.4981, 0.5019, 0.4982, 0.5018, 0.4982, 0.5018, 0.4982, 0.5018, 0.4982, 0.5018, 0.4982, 0.5017, 0.4983, 0.5017, 0.4983, 0.5017, 0.4983, 0.5017, 0.4983, 0.5017, 0.4983, 0.5017, 0.4983, 0.5016, 0.4984, 0.5016, 0.4984, 0.5016, 0.4984, 0.5016, 0.4984, 0.5016, 0.4984, 0.5015, 0.4985, 0.5015, 0.4985, 0.5015, 0.4985, 0.5015]

N = 45: prop = 0.5000
[0.0000, 0.6000, 0.4444, 0.5455, 0.4667, 0.5263, 0.4762, 0.5200, 0.4828, 0.5161, 0.4857, 0.5128, 0.4878, 0.5111, 0.4898, 0.5098, 0.4909, 0.5085, 0.4918, 0.5077, 0.4928, 0.5070, 0.4933, 0.5063, 0.4938, 0.5059, 0.4944, 0.5055, 0.4947, 0.5051, 0.4950, 0.5048, 0.4954, 0.5045, 0.4957, 0.5042, 0.4959, 0.5040, 0.4961, 0.5038, 0.4963, 0.5036, 0.4965, 0.5034, 0.4966, 0.5033, 0.4968, 0.5031, 0.4969, 0.5030, 0.4970, 0.5029, 0.4971, 0.5028, 0.4972, 0.5027, 0.4974, 0.5026, 0.4974, 0.5025, 0.4975, 0.5024, 0.4976, 0.5024, 0.4977, 0.5023, 0.4977, 0.5022, 0.4978, 0.5022, 0.4979, 0.5021, 0.4979, 0.5020, 0.4980, 0.5020, 0.4980, 0.5019, 0.4981, 0.5019, 0.4981, 0.5018, 0.4982, 0.5018, 0.4982, 0.5018, 0.4983, 0.5017, 0.4983, 0.5017, 0.4983, 0.5016, 0.4984, 0.5016, 0.4984, 0.5016, 0.4984, 0.5015, 0.4985, 0.5015, 0.4985, 0.5015, 0.4985, 0.5014, 0.4986, 0.5014, 0.4986, 0.5014, 0.4986, 0.5014, 0.4986, 0.5013, 0.4987, 0.5013, 0.4987, 0.5013, 0.4987, 0.5013, 0.4987, 0.5013, 0.4988, 0.5012, 0.4988, 0.5012, 0.4988, 0.5012, 0.4988, 0.5012, 0.4988, 0.5012, 0.4989, 0.5011, 0.4989, 0.5011, 0.4989, 0.5011, 0.4989, 0.5011, 0.4989, 0.5011, 0.4989, 0.5011, 0.4989, 0.5010, 0.4990, 0.5010, 0.4990, 0.5010, 0.4990, 0.5010, 0.4990, 0.5010, 0.4990, 0.5010, 0.4990, 0.5010, 0.4990, 0.5010, 0.4991, 0.5009, 0.4991, 0.5009, 0.4991, 0.5009, 0.4991, 0.5009, 0.4991, 0.5009, 0.4991, 0.5009, 0.4991, 0.5009, 0.4991, 0.5009, 0.4991, 0.5009, 0.4992, 0.5008, 0.4992, 0.5008, 0.4992, 0.5008, 0.4992, 0.5008, 0.4992, 0.5008, 0.4992, 0.5008, 0.4992, 0.5008, 0.4992, 0.5008, 0.4992, 0.5008, 0.4992, 0.5008, 0.4992, 0.5008, 0.4992, 0.5008]

N = 46: prop = 0.5000
[0.0000, 0.6667, 0.4000, 0.5833, 0.4375, 0.5455, 0.4545, 0.5357, 0.4688, 0.5294, 0.4737, 0.5227, 0.4773, 0.5200, 0.4815, 0.5179, 0.4833, 0.5152, 0.4848, 0.5139, 0.4868, 0.5128, 0.4878, 0.5114, 0.4886, 0.5106, 0.4898, 0.5100, 0.4904, 0.5091, 0.4909, 0.5086, 0.4917, 0.5082, 0.4921, 0.5076, 0.4924, 0.5072, 0.4930, 0.5069, 0.4932, 0.5065, 0.4935, 0.5062, 0.4939, 0.5060, 0.4941, 0.5057, 0.4943, 0.5055, 0.4946, 0.5053, 0.4948, 0.5051, 0.4949, 0.5049, 0.4952, 0.5048, 0.4953, 0.5045, 0.4955, 0.5044, 0.4957, 0.5043, 0.4958, 0.5041, 0.4959, 0.5040, 0.4960, 0.5039, 0.4961, 0.5038, 0.4962, 0.5037, 0.4964, 0.5036, 0.4964, 0.5035, 0.4965, 0.5034, 0.4966, 0.5034, 0.4967, 0.5032, 0.4968, 0.5032, 0.4969, 0.5031, 0.4969, 0.5030, 0.4970, 0.5030, 0.4971, 0.5029, 0.4971, 0.5028, 0.4972, 0.5028, 0.4972, 0.5027, 0.4973, 0.5027, 0.4973, 0.5026, 0.4974, 0.5026, 0.4974, 0.5025, 0.4975, 0.5025, 0.4975, 0.5025, 0.4976, 0.5024, 0.4976, 0.5024, 0.4977, 0.5023, 0.4977, 0.5023, 0.4977, 0.5022, 0.4978, 0.5022, 0.4978, 0.5022, 0.4978, 0.5021, 0.4979, 0.5021, 0.4979, 0.5021, 0.4979, 0.5020, 0.4980, 0.5020, 0.4980, 0.5020, 0.4980, 0.5020, 0.4981, 0.5019, 0.4981, 0.5019, 0.4981, 0.5019, 0.4981, 0.5019, 0.4982, 0.5018, 0.4982, 0.5018, 0.4982, 0.5018, 0.4982, 0.5017, 0.4983, 0.5017, 0.4983, 0.5017, 0.4983, 0.5017, 0.4983, 0.5017, 0.4983, 0.5017, 0.4984, 0.5016, 0.4984, 0.5016, 0.4984, 0.5016, 0.4984, 0.5016, 0.4984, 0.5016, 0.4985, 0.5015, 0.4985, 0.5015, 0.4985, 0.5015, 0.4985, 0.5015, 0.4985, 0.5015, 0.4985, 0.5015, 0.4986, 0.5014, 0.4986, 0.5014, 0.4986, 0.5014, 0.4986, 0.5014, 0.4986, 0.5014, 0.4986, 0.5014]

N = 47: prop = 0.5000
[0.0000, 0.7273, 0.3684, 0.5926, 0.4286, 0.5610, 0.4510, 0.5439, 0.4615, 0.5342, 0.4691, 0.5287, 0.4742, 0.5243, 0.4775, 0.5210, 0.4803, 0.5188, 0.4825, 0.5168, 0.4841, 0.5152, 0.4855, 0.5140, 0.4868, 0.5128, 0.4877, 0.5118, 0.4886, 0.5111, 0.4894, 0.5104, 0.4900, 0.5097, 0.4906, 0.5092, 0.4911, 0.5087, 0.4915, 0.5083, 0.4920, 0.5079, 0.4924, 0.5075, 0.4927, 0.5072, 0.4930, 0.5069, 0.4933, 0.5066, 0.4935, 0.5063, 0.4938, 0.5061, 0.4940, 0.5059, 0.4942, 0.5057, 0.4944, 0.5055, 0.4946, 0.5053, 0.4948, 0.5051, 0.4949, 0.5050, 0.4951, 0.5048, 0.4952, 0.5047, 0.4954, 0.5046, 0.4955, 0.5044, 0.4956, 0.5043, 0.4957, 0.5042, 0.4959, 0.5041, 0.4959, 0.5040, 0.4961, 0.5039, 0.4961, 0.5038, 0.4962, 0.5037, 0.4963, 0.5036, 0.4964, 0.5036, 0.4965, 0.5035, 0.4966, 0.5034, 0.4966, 0.5033, 0.4967, 0.5033, 0.4968, 0.5032, 0.4968, 0.5032, 0.4969, 0.5031, 0.4969, 0.5030, 0.4970, 0.5030, 0.4970, 0.5029, 0.4971, 0.5029, 0.4972, 0.5028, 0.4972, 0.5028, 0.4972, 0.5027, 0.4973, 0.5027, 0.4973, 0.5026, 0.4974, 0.5026, 0.4974, 0.5026, 0.4975, 0.5025, 0.4975, 0.5025, 0.4975, 0.5024, 0.4976, 0.5024, 0.4976, 0.5024, 0.4976, 0.5023, 0.4977, 0.5023, 0.4977, 0.5023, 0.4977, 0.5022, 0.4978, 0.5022, 0.4978, 0.5022, 0.4978, 0.5022, 0.4979, 0.5021, 0.4979, 0.5021, 0.4979, 0.5021, 0.4979, 0.5020, 0.4980, 0.5020, 0.4980, 0.5020, 0.4980, 0.5020, 0.4980, 0.5019, 0.4981, 0.5019, 0.4981, 0.5019, 0.4981, 0.5019, 0.4981, 0.5019, 0.4982, 0.5018, 0.4982, 0.5018, 0.4982, 0.5018, 0.4982, 0.5018, 0.4982, 0.5018, 0.4983, 0.5017, 0.4983, 0.5017, 0.4983, 0.5017, 0.4983, 0.5017, 0.4983, 0.5017, 0.4983, 0.5017, 0.4984, 0.5016]

N = 48: prop = 0.5000
[0.0000, 0.6667, 0.4000, 0.5714, 0.4444, 0.5455, 0.4615, 0.5333, 0.4706, 0.5263, 0.4762, 0.5217, 0.4800, 0.5185, 0.4828, 0.5161, 0.4848, 0.5143, 0.4865, 0.5128, 0.4878, 0.5116, 0.4889, 0.5106, 0.4898, 0.5098, 0.4906, 0.5091, 0.4912, 0.5085, 0.4918, 0.5079, 0.4923, 0.5075, 0.4928, 0.5070, 0.4932, 0.5067, 0.4935, 0.5063, 0.4938, 0.5060, 0.4941, 0.5057, 0.4944, 0.5055, 0.4946, 0.5053, 0.4948, 0.5051, 0.4950, 0.5049, 0.4952, 0.5047, 0.4954, 0.5045, 0.4956, 0.5043, 0.4957, 0.5042, 0.4959, 0.5041, 0.4960, 0.5039, 0.4961, 0.5038, 0.4962, 0.5037, 0.4964, 0.5036, 0.4965, 0.5035, 0.4966, 0.5034, 0.4966, 0.5033, 0.4967, 0.5032, 0.4968, 0.5031, 0.4969, 0.5031, 0.4970, 0.5030, 0.4970, 0.5029, 0.4971, 0.5029, 0.4972, 0.5028, 0.4972, 0.5027, 0.4973, 0.5027, 0.4974, 0.5026, 0.4974, 0.5026, 0.4975, 0.5025, 0.4975, 0.5025, 0.4976, 0.5024, 0.4976, 0.5024, 0.4977, 0.5023, 0.4977, 0.5023, 0.4977, 0.5022, 0.4978, 0.5022, 0.4978, 0.5022, 0.4979, 0.5021, 0.4979, 0.5021, 0.4979, 0.5021, 0.4980, 0.5020, 0.4980, 0.5020, 0.4980, 0.5020, 0.4981, 0.5019, 0.4981, 0.5019, 0.4981, 0.5019, 0.4981, 0.5018, 0.4982, 0.5018, 0.4982, 0.5018, 0.4982, 0.5018, 0.4982, 0.5017, 0.4983, 0.5017, 0.4983, 0.5017, 0.4983, 0.5017, 0.4983, 0.5017, 0.4984, 0.5016, 0.4984, 0.5016, 0.4984, 0.5016, 0.4984, 0.5016, 0.4984, 0.5015, 0.4985, 0.5015, 0.4985, 0.5015, 0.4985, 0.5015, 0.4985, 0.5015, 0.4985, 0.5015, 0.4986, 0.5014, 0.4986, 0.5014, 0.4986, 0.5014, 0.4986, 0.5014, 0.4986, 0.5014, 0.4986, 0.5014, 0.4986, 0.5013, 0.4987, 0.5013, 0.4987, 0.5013, 0.4987, 0.5013, 0.4987, 0.5013, 0.4987, 0.5013, 0.4987, 0.5013, 0.4987, 0.5013]

N = 49: prop = 0.4878
[0.0000, 0.6250, 0.4286, 0.5455, 0.4643, 0.5143, 0.4762, 0.5102, 0.4727, 0.5079, 0.4783, 0.5000, 0.4819, 0.5000, 0.4792, 0.5000, 0.4818, 0.4957, 0.4839, 0.4962, 0.4818, 0.4966, 0.4834, 0.4937, 0.4848, 0.4942, 0.4831, 0.4946, 0.4844, 0.4925, 0.4854, 0.4930, 0.4840, 0.4934, 0.4850, 0.4917, 0.4858, 0.4921, 0.4846, 0.4925, 0.4854, 0.4911, 0.4861, 0.4915, 0.4850, 0.4919, 0.4857, 0.4907, 0.4863, 0.4911, 0.4854, 0.4914, 0.4860, 0.4904, 0.4865, 0.4907, 0.4856, 0.4910, 0.4861, 0.4901, 0.4866, 0.4904, 0.4858, 0.4907, 0.4863, 0.4899, 0.4867, 0.4902, 0.4860, 0.4905, 0.4864, 0.4897, 0.4868, 0.4900, 0.4862, 0.4903, 0.4865, 0.4896, 0.4869, 0.4898, 0.4863, 0.4901, 0.4866, 0.4894, 0.4870, 0.4897, 0.4864, 0.4899, 0.4867, 0.4893, 0.4870, 0.4896, 0.4865, 0.4898, 0.4868, 0.4892, 0.4871, 0.4895, 0.4866, 0.4897, 0.4868, 0.4891, 0.4871, 0.4894, 0.4866, 0.4896, 0.4869, 0.4891, 0.4871, 0.4893, 0.4867, 0.4895, 0.4869, 0.4890, 0.4872, 0.4892, 0.4868, 0.4894, 0.4870, 0.4889, 0.4872, 0.4891, 0.4868, 0.4893, 0.4870, 0.4889, 0.4872, 0.4891, 0.4869, 0.4892, 0.4871, 0.4888, 0.4873, 0.4890, 0.4869, 0.4892, 0.4871, 0.4888, 0.4873, 0.4890, 0.4869, 0.4891, 0.4871, 0.4888, 0.4873, 0.4889, 0.4870, 0.4891, 0.4872, 0.4887, 0.4873, 0.4889, 0.4870, 0.4890, 0.4872, 0.4887, 0.4873, 0.4888, 0.4870, 0.4890, 0.4872, 0.4886, 0.4874, 0.4888, 0.4871, 0.4889, 0.4872, 0.4886, 0.4874, 0.4888, 0.4871, 0.4889, 0.4872, 0.4886, 0.4874, 0.4887, 0.4871, 0.4889, 0.4873, 0.4886, 0.4874, 0.4887, 0.4871, 0.4888, 0.4873, 0.4885, 0.4874, 0.4887, 0.4872, 0.4888, 0.4873, 0.4885, 0.4874, 0.4886, 0.4872, 0.4888, 0.4873, 0.4885, 0.4874, 0.4886]

N = 50: prop = 0.5000
[0.0000, 0.8000, 0.2857, 0.5833, 0.4286, 0.5882, 0.4286, 0.5417, 0.4615, 0.5484, 0.4545, 0.5278, 0.4750, 0.5349, 0.4667, 0.5200, 0.4808, 0.5273, 0.4746, 0.5161, 0.4844, 0.5217, 0.4789, 0.5135, 0.4872, 0.5185, 0.4819, 0.5114, 0.4889, 0.5161, 0.4845, 0.5100, 0.4902, 0.5140, 0.4862, 0.5089, 0.4914, 0.5126, 0.4876, 0.5079, 0.4922, 0.5115, 0.4889, 0.5072, 0.4929, 0.5103, 0.4898, 0.5067, 0.4935, 0.5096, 0.4906, 0.5061, 0.4940, 0.5089, 0.4913, 0.5057, 0.4944, 0.5082, 0.4919, 0.5053, 0.4948, 0.5077, 0.4924, 0.5050, 0.4951, 0.5072, 0.4929, 0.5047, 0.4954, 0.5068, 0.4933, 0.5044, 0.4957, 0.5064, 0.4936, 0.5042, 0.4959, 0.5061, 0.4940, 0.5040, 0.4961, 0.5058, 0.4943, 0.5038, 0.4963, 0.5055, 0.4945, 0.5036, 0.4964, 0.5053, 0.4948, 0.5034, 0.4966, 0.5051, 0.4950, 0.5033, 0.4967, 0.5049, 0.4952, 0.5032, 0.4969, 0.5047, 0.4954, 0.5030, 0.4970, 0.5045, 0.4955, 0.5029, 0.4971, 0.5043, 0.4957, 0.5028, 0.4972, 0.5042, 0.4959, 0.5027, 0.4973, 0.5040, 0.4960, 0.5026, 0.4974, 0.5039, 0.4961, 0.5026, 0.4975, 0.5038, 0.4963, 0.5025, 0.4975, 0.5036, 0.4964, 0.5024, 0.4976, 0.5035, 0.4965, 0.5023, 0.4977, 0.5034, 0.4966, 0.5023, 0.4977, 0.5033, 0.4967, 0.5022, 0.4978, 0.5033, 0.4968, 0.5021, 0.4979, 0.5032, 0.4969, 0.5021, 0.4979, 0.5031, 0.4969, 0.5020, 0.4980, 0.5030, 0.4970, 0.5020, 0.4980, 0.5029, 0.4971, 0.5019, 0.4981, 0.5029, 0.4972, 0.5019, 0.4981, 0.5028, 0.4972, 0.5018, 0.4982, 0.5027, 0.4973, 0.5018, 0.4982, 0.5027, 0.4973, 0.5018, 0.4983, 0.5026, 0.4974, 0.5017, 0.4983, 0.5026, 0.4975, 0.5017, 0.4983, 0.5025, 0.4975, 0.5017, 0.4984, 0.5024, 0.4976, 0.5016, 0.4984, 0.5024, 0.4976, 0.5016]

