Discriminant list:
Length = 485,   Largest value = -887040
[-39, -55, -56, -63, -68, -80, -128, -136, -144, -155, -156, -171, -184, -196, -203, -208, -219, -220, -224, -252, -256, -259, -260, -264, -275, -276, -291, -292, -308, -320, -323, -328, -336, -355, -360, -363, -384, -387, -388, -400, -456, -468, -475, -504, -507, -528, -544, -552, -564, -568, -576, -580, -592, -600, -603, -612, -616, -624, -640, -651, -667, -720, -723, -736, -763, -768, -772, -792, -819, -820, -832, -852, -868, -880, -900, -912, -915, -952, -955, -987, -1003, -1008, -1027, -1032, -1035, -1056, -1060, -1128, -1131, -1140, -1152, -1204, -1227, -1240, -1243, -1275, -1288, -1312, -1332, -1344, -1360, -1387, -1395, -1408, -1411, -1440, -1443, -1467, -1488, -1507, -1555, -1560, -1600, -1635, -1659, -1672, -1680, -1683, -1716, -1752, -1768, -1771, -1780, -1792, -1824, -1827, -1860, -1872, -1920, -1947, -1992, -2016, -2020, -2035, -2040, -2067, -2088, -2100, -2112, -2115, -2128, -2139, -2163, -2176, -2208, -2212, -2244, -2272, -2275, -2280, -2304, -2320, -2331, -2340, -2368, -2379, -2392, -2400, -2436, -2451, -2464, -2475, -2496, -2520, -2580, -2632, -2640, -2667, -2688, -2715, -2755, -2760, -2772, -2788, -2832, -2880, -2907, -2968, -3060, -3108, -3168, -3172, -3192, -3220, -3243, -3280, -3355, -3432, -3480, -3507, -3520, -3588, -3600, -3627, -3640, -3648, -3712, -3795, -3808, -3828, -3840, -3843, -4020, -4032, -4048, -4123, -4128, -4180, -4260, -4275, -4323, -4368, -4420, -4440, -4452, -4480, -4488, -4512, -4515, -4680, -4740, -4788, -4960, -4992, -5083, -5115, -5152, -5160, -5187, -5208, -5248, -5328, -5355, -5412, -5440, -5467, -5520, -5712, -5760, -5952, -6052, -6123, -6160, -6195, -6240, -6307, -6328, -6355, -6360, -6400, -6420, -6435, -6528, -6580, -6612, -6688, -6708, -6720, -6820, -6840, -6867, -6900, -7008, -7035, -7072, -7120, -7140, -7315, -7395, -7480, -7488, -7540, -7672, -7755, -7968, -7995, -8008, -8052, -8080, -8160, -8320, -8352, -8400, -8448, -8512, -8547, -8580, -8680, -8715, -8835, -8932, -9108, -9120, -9240, -9243, -9280, -9540, -9568, -9595, -9600, -9867, -9955, -10080, -10168, -10528, -10560, -10803, -10920, -10948, -11040, -11067, -11160, -11328, -11400, -11715, -11872, -12160, -12180, -12240, -12432, -12483, -12595, -12672, -12688, -12768, -12915, -13120, -13195, -13440, -13728, -13860, -13920, -14008, -14100, -14155, -14280, -14352, -14400, -14547, -14560, -14592, -14763, -14820, -15400, -16128, -16192, -16555, -16720, -17220, -17427, -17472, -17760, -17952, -18720, -19152, -19240, -19320, -19380, -19635, -19947, -20020, -20148, -20155, -20475, -20608, -20640, -20832, -21120, -21312, -21840, -22080, -22848, -23640, -24640, -25312, -25440, -25608, -26712, -26832, -26880, -27280, -27360, -28032, -28288, -28480, -28548, -28560, -28980, -29568, -29920, -30100, -30160, -30340, -30688, -31395, -32032, -32320, -33408, -33600, -33915, -34720, -34840, -36432, -36960, -37107, -40320, -40672, -40755, -41475, -42112, -42420, -43435, -43680, -44115, -44640, -45312, -45600, -45747, -46852, -48960, -49728, -50752, -53475, -53592, -55440, -55680, -56032, -56100, -57120, -57387, -57408, -57600, -57715, -58240, -58548, -61600, -66880, -67320, -68880, -69888, -71808, -72072, -73140, -74880, -76608, -76960, -77280, -80388, -82555, -82560, -87360, -88320, -92568, -94560, -98560, -102432, -105315, -106848, -107328, -109120, -109440, -111435, -114192, -114240, -120640, -139360, -145728, -187408, -198660, -207480, -214368, -221760, -228228, -264180, -269280, -275520, -288288, -307840, -309120, -370272, -435435, -456768, -749632, -829920, -887040]

Discriminants by Group:
Group='Z4': [-39, -55, -56, -63, -68, -80, -128, -136, -144, -155, -156, -171, -184, -196, -203, -208, -219, -220, -252, -256, -259, -275, -291, -292, -323, -328, -355, -363, -387, -388, -400, -475, -507, -568, -592, -603, -667, -723, -763, -772, -955, -1003, -1027, -1227, -1243, -1387, -1411, -1467, -1507, -1555]
Group='Z2 x Z4': [-224, -260, -264, -276, -308, -320, -336, -360, -384, -456, -468, -504, -528, -544, -552, -564, -576, -580, -600, -612, -616, -624, -640, -651, -720, -736, -768, -792, -819, -820, -832, -852, -868, -880, -900, -912, -915, -952, -987, -1008, -1032, -1035, -1060, -1128, -1131, -1152, -1204, -1240, -1275, -1288, -1312, -1332, -1360, -1395, -1408, -1443, -1488, -1600, -1635, -1659, -1672, -1683, -1752, -1768, -1771, -1780, -1792, -1827, -1947, -1992, -2020, -2035, -2067, -2088, -2115, -2128, -2139, -2163, -2212, -2272, -2275, -2368, -2392, -2451, -2475, -2632, -2667, -2715, -2755, -2788, -2832, -2907, -2968, -3172, -3243, -3355, -3507, -3627, -3712, -3843, -4048, -4123, -4323, -5083, -5467, -6307]
Group='Z4 x Z4': [-1872, -2176, -2304, -2320, -2331, -2379, -3280, -3600, -4275, -5248, -5328, -6052, -6123, -6328, -6355, -6400, -6867, -7120, -7672, -8080, -9243, -9595, -9955, -10168, -10803, -12483, -12595, -12688, -14008, -14155, -14547, -17427, -19947, -20155]
Group='Z2 x Z4 x Z4': [-5760, -6360, -6900, -7488, -8400, -8448, -9280, -9540, -9600, -11160, -11400, -12240, -12432, -12672, -13120, -14100, -14352, -14400, -14592, -15400, -16128, -16720, -19152, -19240, -20148, -20475, -20608, -21312, -23640, -25312, -25608, -26712, -26832, -27280, -28032, -28288, -28480, -28548, -30100, -30160, -30340, -30688, -32320, -33408, -34840, -36432, -37107, -40672, -41475, -42112, -43435, -44115, -45312, -45747, -46852, -50752, -53475, -56032, -57387, -57715, -82555]
Group='Z4 x Z4 x Z4': [-57600, -114192, -187408]
Group='Z2 x Z2 x Z4': [-1056, -1140, -1344, -1440, -1560, -1680, -1716, -1824, -1860, -1920, -2016, -2040, -2100, -2112, -2208, -2244, -2280, -2340, -2400, -2436, -2464, -2496, -2520, -2580, -2640, -2688, -2760, -2772, -2880, -3060, -3108, -3168, -3192, -3220, -3432, -3480, -3520, -3588, -3640, -3648, -3795, -3808, -3828, -3840, -4020, -4032, -4128, -4180, -4260, -4368, -4420, -4440, -4452, -4480, -4488, -4512, -4515, -4680, -4740, -4788, -4960, -4992, -5115, -5152, -5160, -5187, -5208, -5355, -5412, -5440, -5520, -5712, -5952, -6160, -6195, -6420, -6435, -6528, -6580, -6612, -6688, -6708, -6820, -6840, -7008, -7035, -7072, -7315, -7395, -7480, -7540, -7755, -7968, -7995, -8008, -8052, -8320, -8352, -8512, -8547, -8680, -8715, -8835, -8932, -9108, -9568, -9867, -10528, -10948, -11067, -11328, -11715, -11872, -12160, -12915, -13195, -14763, -16192, -16555]
Group='Z2 x Z2 x Z4 x Z4': [-25440, -26880, -28560, -28980, -33600, -40320, -42420, -44640, -45600, -48960, -49728, -53592, -55440, -55680, -56100, -57408, -58240, -58548, -61600, -66880, -67320, -68880, -69888, -71808, -72072, -73140, -74880, -76608, -76960, -80388, -82560, -88320, -92568, -94560, -98560, -102432, -105315, -106848, -107328, -109120, -109440, -111435, -120640, -139360, -145728]
Group='Z2 x Z2 x Z2 x Z4': [-6240, -6720, -7140, -8160, -8580, -9120, -9240, -10080, -10560, -10920, -11040, -12180, -12768, -13440, -13728, -13860, -13920, -14280, -14560, -14820, -17220, -17472, -17760, -17952, -18720, -19320, -19380, -19635, -20020, -20640, -20832, -21120, -21840, -22080, -22848, -24640, -27360, -29568, -29920, -31395, -32032, -33915, -34720, -40755]
Group='Z2 x Z2 x Z2 x Z4 x Z4': [-114240, -198660, -207480, -214368, -221760, -228228, -264180, -269280, -275520, -288288, -309120, -370272, -435435]
Group='Z2 x Z2 x Z4 x Z4 x Z4': [-887040]
Group='Z2 x Z4 x Z4 x Z4': [-307840, -456768, -749632]
Group='Z2 x Z2 x Z2 x Z2 x Z4': [-36960, -43680, -57120, -77280, -87360]
Group='Z2 x Z2 x Z2 x Z2 x Z4 x Z4': [-829920]

