Discriminant list:
Length = 88,   Largest value = -7392
[-15, -20, -24, -32, -35, -36, -40, -48, -51, -52, -60, -64, -72, -75, -84, -88, -91, -96, -99, -100, -112, -115, -120, -123, -132, -147, -148, -160, -168, -180, -187, -192, -195, -228, -232, -235, -240, -267, -280, -288, -312, -315, -340, -352, -372, -403, -408, -420, -427, -435, -448, -480, -483, -520, -532, -555, -595, -627, -660, -672, -708, -715, -760, -795, -840, -928, -960, -1012, -1092, -1120, -1155, -1248, -1320, -1380, -1428, -1435, -1540, -1632, -1848, -1995, -2080, -3003, -3040, -3315, -3360, -5280, -5460, -7392]

Discriminants by Group:
Group='Z2': [-15, -20, -24, -32, -35, -36, -40, -48, -51, -52, -60, -64, -72, -75, -88, -91, -99, -100, -112, -115, -123, -147, -148, -187, -232, -235, -267, -403, -427]
Group='Z2 x Z2': [-84, -96, -120, -132, -160, -168, -180, -192, -195, -228, -240, -280, -288, -312, -315, -340, -352, -372, -408, -435, -448, -483, -520, -532, -555, -595, -627, -708, -715, -760, -795, -928, -1012, -1435]
Group='Z2 x Z2 x Z2': [-420, -480, -660, -672, -840, -960, -1092, -1120, -1155, -1248, -1320, -1380, -1428, -1540, -1632, -1848, -1995, -2080, -3003, -3040, -3315]
Group='Z2 x Z2 x Z2 x Z2': [-3360, -5280, -5460, -7392]

