0 1
1 1
2 1
3 1
4 1
5 1
6 2
7 1
8 1
9 2
10 3
11 2
12 1
13 1
14 3
15 2
16 2
17 2
18 4
19 2
20 1
21 3
22 5
23 2
24 2
25 2
26 4
27 4
28 3
29 2
30 4
31 2
32 1
33 4
34 7
35 2
36 2
37 3
38 5
39 4
40 3
41 4
42 6
43 2
44 2
45 3
46 8
47 4
48 2
49 2
50 5
51 6
52 3
53 3
54 8
55 2
56 2
57 6
58 10
59 4
60 2
61 3
62 5
63 4
64 5
65 4
66 6
67 4
68 3
69 6
70 10
71 4
72 2
73 2
74 7
75 6
76 4
77 4
78 10
79 4
80 1
81 8
82 11
83 4
84 4
85 3
86 6
87 6
88 5
89 4
90 8
91 4
92 2
93 5
94 13
95 4
96 4
97 4
98 9
99 6
100 4
101 6
102 6
103 4
104 3
105 6
106 14
107 6
108 4
109 4
110 7
111 8
112 5
113 4
114 12
115 2
116 2
117 9
118 15
119 4
120 3
121 6
122 6
123 8
124 7
125 4
126 12
127 4
128 4
129 8
130 13
131 8
132 2
133 3
134 11
135 8
136 4
137 8
138 12
139 4
140 3
141 7
142 14
143 4
144 4
145 4
146 8
147 10
148 8
149 6
150 10
151 6
152 3
153 8
154 19
155 4
156 4
157 5
158 10
159 8
160 4
161 6
162 12
163 4
164 3
165 9
166 18
167 8
168 6
169 4
170 7
171 10
172 5
173 6
174 12
175 4
176 4
177 12
178 19
179 8
180 4
181 6
182 9
183 6
184 8
185 4
186 10
187 8
188 3
189 8
190 17
191 8
192 4
193 4
194 14
195 8
196 8
197 6
198 16
199 4
200 2
201 14
202 16
203 4
204 6
205 5
206 10
207 12
208 9
209 8
210 10
211 6
212 2
213 9
214 21
215 6
216 4
217 6
218 15
219 12
220 5
221 8
222 14
223 4
224 6
225 8
226 20
227 8
228 6
229 6
230 7
231 12
232 7
233 8
234 16
235 6
236 4
237 10
238 25
239 8
240 4
241 6
242 7
243 10
244 9
245 6
246 16
247 6
248 3
249 10
250 21
251 8
252 4
253 5
254 14
255 8
256 6
257 12
258 18
259 4
260 5
261 15
262 18
263 8
264 6
265 4
266 14
267 14
268 8
269 6
270 12
271 8
272 3
273 8
274 26
275 8
276 4
277 9
278 16
279 12
280 9
281 8
282 12
283 4
284 5
285 10
286 18
287 8
288 8
289 8
290 8
291 16
292 7
293 6
294 22
295 4
296 4
297 14
298 25
299 8
300 4
301 7
302 13
303 12
304 10
305 8
306 20
307 8
308 5
309 12
310 22
311 8
312 4
313 6
314 13
315 8
316 10
317 10
318 14
319 8
320 3
321 16
322 23
323 6
324 8
325 3
326 12
327 16
328 11
329 8
330 16
331 10
332 4
333 11
334 30
335 8
336 6
337 6
338 18
339 12
340 5
341 12
342 12
343 6
344 5
345 14
346 24
347 12
348 10
349 6
350 14
351 12
352 6
353 4
354 20
355 8
356 4
357 15
358 31
359 8
360 4
361 10
362 13
363 12
364 12
365 8
366 16
367 8
368 5
369 16
370 21
371 12
372 6
373 6
374 15
375 10
376 12
377 12
378 24
379 4
380 4
381 13
382 22
383 8
384 6
385 4
386 12
387 20
388 10
389 12
390 18
391 8
392 5
393 10
394 32
395 8
396 4
397 9
398 16
399 12
400 10
401 12
402 14
403 6
404 7
405 12
406 30
407 12
408 8
409 8
410 9
411 20
412 7
413 6
414 28
415 8
416 6
417 20
418 33
419 8
420 6
421 9
422 10
423 12
424 10
425 8
426 16
427 6
428 7
429 14
430 21
431 12
432 6
433 8
434 22
435 10
436 10
437 12
438 22
439 8
440 3
441 16
442 29
443 12
444 6
445 7
446 16
447 16
448 14
449 8
450 16
451 8
452 3
453 15
454 31
455 8
456 8
457 10
458 19
459 20
460 10
461 12
462 20
463 4
464 6
465 12
466 28
467 12
468 8
469 6
470 16
471 18
472 5
473 12
474 26
475 8
476 4
477 15
478 36
479 8
480 6
481 12
482 11
483 10
484 15
485 9
486 16
487 12
488 8
489 12
490 27
491 12
492 8
493 6
494 17
495 16
496 8
497 12
498 24
499 10
500 4
501 21
502 30
503 8
504 12
505 4
506 16
507 16
508 13
509 12
510 16
511 8
512 4
513 16
514 35
515 8
516 8
517 12
518 23
519 16
520 8
521 12
522 16
523 6
524 5
525 13
526 36
527 16
528 6
529 8
530 19
531 20
532 12
533 6
534 20
535 6
536 6
537 22
538 34
539 12
540 6
541 11
542 9
543 16
544 17
545 8
546 28
547 12
548 6
549 12
550 23
551 16
552 6
553 6
554 22
555 14
556 10
557 12
558 32
559 8
560 5
561 20
562 24
563 8
564 8
565 9
566 18
567 14
568 16
569 16
570 20
571 12
572 6
573 14
574 41
575 8
576 8
577 8
578 16
579 20
580 7
581 12
582 22
583 8
584 7
585 18
586 30
587 12
588 10
589 8
590 14
591 20
592 9
593 12
594 24
595 6
596 8
597 24
598 38
599 12
600 6
601 8
602 18
603 12
604 14
605 10
606 18
607 12
608 6
609 16
610 35
611 16
612 4
613 9
614 27
615 16
616 12
617 12
618 32
619 8
620 4
621 19
622 26
623 8
624 12
625 8
626 12
627 26
628 15
629 12
630 20
631 10
632 6
633 10
634 40
635 12
636 8
637 10
638 23
639 16
640 11
641 20
642 20
643 8
644 9
645 12
646 36
647 12
648 8
649 12
650 11
651 22
652 11
653 12
654 28
655 8
656 6
657 24
658 45
659 8
660 6
661 9
662 15
663 18
664 11
665 8
666 28
667 12
668 8
669 18
670 34
671 16
672 6
673 8
674 24
675 14
676 12
677 18
678 28
679 8
680 6
681 28
682 25
683 12
684 12
685 7
686 20
687 20
688 16
689 8
690 18
691 10
692 4
693 15
694 44
695 12
696 8
697 14
698 27
699 16
700 14
701 12
702 24
703 8
704 4
705 16
706 34
707 16
708 12
709 12
710 9
711 24
712 15
713 8
714 30
715 6
716 4
717 19
718 39
719 16
720 8
721 10
722 23
723 18
724 13
725 12
726 28
727 12
728 11
729 20
730 32
731 12
732 4
733 9
734 23
735 12
736 12
737 16
738 28
739 12
740 7
741 24
742 37
743 8
744 12
745 10
746 20
747 28
748 13
749 10
750 22
751 16
752 4
753 16
754 49
755 12
756 12
757 9
758 18
759 16
760 7
761 20
762 14
763 8
764 11
765 17
766 38
767 16
768 12
769 8
770 19
771 20
772 12
773 12
774 32
775 8
776 4
777 22
778 51
779 16
780 6
781 14
782 15
783 16
784 17
785 12
786 24
787 10
788 9
789 24
790 33
791 12
792 8
793 6
794 22
795 20
796 16
797 16
798 36
799 8
