(1,2,1): 0
(1,4,1): 0
(1,6,1): 0
(1,8,1): 0
(1,10,1): 0
(1,12,1): 1
(1,14,1): 0
(1,16,1): 1
(1,18,1): 1
(1,20,1): 1
(1,22,1): 1
(1,24,1): 2
(1,26,1): 1
(1,28,1): 2
(1,30,1): 2
(1,32,1): 2
(1,34,1): 2
(1,38,1): 2
(2,2,1): 0
(2,4,1): 0
(2,6,1): 0
(2,8,1): 1
(2,10,1): 1
(2,12,1): 2
(2,14,1): 2
(3,2,1): 0
(3,4,1): 0
(3,6,1): 1
(3,8,1): 1
(3,10,1): 2
(3,3,2): 0
(3,5,2): 0
(3,7,2): 1
(3,9,2): 2
(3,11,2): 2
(4,2,1): 0
(4,4,1): 0
(4,6,1): 1
(4,8,1): 2
(4,3,3): 0
(4,5,3): 1
(4,7,3): 2
(5,2,1): 0
(5,4,1): 1
(5,6,1): 1
(5,3,2): 0
(5,5,2): 1
(5,7,2): 2
(5,2,4): 0
(5,4,4): 0
(5,6,4): 2
(5,8,4): 2
(5,3,3): 0
(5,5,3): 1
(5,7,3): 2
(6,2,1): 0
(6,4,1): 1
(6,3,5): 0
(6,5,5): 2
(7,2,1): 0
(7,4,1): 1
(7,3,3): 0
(7,5,3): 2
(7,2,2): 0
(7,4,2): 1
(7,6,2): 2
(7,3,6): 1
(7,5,6): 1
(7,2,4): 0
(7,4,4): 1
(7,6,4): 2
(7,3,5): 0
(7,5,5): 2
(8,2,1): 0
(8,4,1): 1
(8,3,7): 0
(8,5,7): 2
(8,2,5): 0
(8,4,5): 2
(8,3,3): 1
(9,2,1): 0
(9,4,1): 1
(9,3,2): 1
(9,2,4): 0
(9,4,4): 2
(9,3,8): 0
(9,5,8): 2
(9,2,7): 0
(9,4,7): 2
(9,3,5): 1
(10,2,1): 0
(10,3,7): 1
(10,2,9): 0
(10,4,9): 2
(10,3,3): 1
(11,2,1): 1
(11,4,1): 2
(11,3,2): 1
(11,2,4): 0
(11,4,4): 2
(11,3,8): 1
(11,2,5): 0
(11,4,5): 2
(11,3,10): 1
(11,2,9): 0
(11,4,9): 2
(11,3,7): 1
(11,2,3): 0
(11,4,3): 2
(11,3,6): 1
(12,2,1): 0
(12,3,7): 2
(12,3,5): 1
(12,2,11): 0
(13,2,1): 0
(13,3,2): 1
(13,2,4): 1
(13,4,4): 2
(13,3,8): 2
(13,2,3): 0
(13,3,6): 1
(13,2,12): 0
(13,4,12): 2
(13,3,11): 1
(13,2,9): 0
(13,3,5): 2
(13,2,10): 1
(13,4,10): 2
(13,3,7): 1
(14,2,1): 1
(14,3,3): 2
(14,2,9): 0
(14,3,13): 2
(14,2,11): 0
(14,3,5): 2
(15,2,1): 1
(15,3,11): 2
(15,3,7): 2
(15,2,2): 0
(15,2,4): 0
(15,3,14): 2
(15,3,13): 2
(15,2,8): 0
(16,2,1): 0
(16,3,15): 1
(16,2,5): 1
(16,2,9): 0
(16,3,7): 2
(16,2,13): 1
(17,2,1): 1
(17,3,3): 2
(17,2,9): 1
(17,3,10): 2
(17,2,13): 0
(17,3,5): 2
(17,2,15): 1
(17,3,11): 2
(17,2,16): 0
(17,3,14): 2
(17,2,8): 1
(17,3,7): 2
(17,2,4): 0
(17,3,12): 2
(17,2,2): 1
(17,3,6): 2
(18,2,1): 0
(18,2,13): 1
(18,3,17): 2
(18,2,7): 1
(19,2,1): 1
(19,3,2): 2
(19,2,4): 1
(19,2,16): 1
(19,3,13): 2
(19,2,7): 0
(19,3,14): 2
(19,2,9): 1
(19,2,17): 1
(19,3,15): 2
(19,2,11): 0
(19,3,3): 2
(19,2,6): 1
(19,2,5): 1
(19,3,10): 2
(20,2,1): 1
(20,2,7): 1
(20,2,9): 0
(20,2,3): 1
(21,2,1): 1
(21,2,17): 1
(21,2,16): 1
(21,2,20): 0
(21,2,4): 1
(21,2,5): 1
(22,2,1): 2
(22,2,15): 1
(22,2,5): 1
(22,2,9): 1
(22,2,3): 1
(23,2,1): 2
(23,2,2): 1
(23,2,4): 1
(23,2,8): 1
(23,2,16): 1
(23,2,9): 1
(23,2,18): 1
(23,2,13): 1
(23,2,3): 1
(23,2,6): 1
(23,2,12): 1
(24,2,1): 1
(24,2,13): 2
(24,2,23): 0
(24,2,11): 2
(25,2,1): 0
(25,2,4): 2
(25,2,16): 1
(25,3,7): 2
(25,2,14): 2
(25,2,6): 1
(25,2,24): 0
(25,2,21): 1
(25,2,9): 2
(25,3,18): 2
(25,2,11): 1
(25,2,19): 2
(26,2,1): 2
(26,2,17): 2
(26,2,3): 1
(26,2,25): 2
(26,2,9): 1
(26,2,23): 2
(27,2,1): 1
(27,2,4): 2
(27,2,16): 2
(27,2,10): 0
(27,2,13): 2
(27,2,25): 2
(27,2,19): 0
(27,2,22): 2
(27,2,7): 2
(28,2,1): 2
(28,2,3): 2
(28,2,9): 1
(28,2,27): 2
(28,2,25): 1
(28,2,19): 2
(29,2,1): 2
(29,2,4): 2
(29,2,16): 1
(29,2,6): 2
(29,2,24): 1
(29,2,9): 2
(29,2,7): 1
(29,2,28): 2
(29,2,25): 1
(29,2,13): 2
(29,2,23): 1
(29,2,5): 2
(29,2,20): 1
(29,2,22): 2
(30,2,17): 2
(30,2,19): 2
(30,2,23): 2
(31,2,1): 2
(31,2,9): 2
(31,2,19): 2
(31,2,16): 1
(31,2,20): 2
(31,2,25): 2
(31,2,8): 1
(31,2,10): 2
(31,2,28): 2
(31,2,4): 1
(31,2,5): 2
(31,2,14): 2
(31,2,2): 1
(31,2,18): 2
(31,2,7): 2
(32,2,1): 1
(32,2,25): 2
(32,2,17): 0
(32,2,9): 2
(33,2,2): 2
(33,2,4): 2
(33,2,8): 2
(33,2,16): 2
(33,2,32): 2
(33,2,31): 2
(33,2,29): 2
(33,2,25): 2
(33,2,17): 2
(34,2,13): 2
(34,2,33): 2
(34,2,21): 2
(35,2,29): 2
(35,2,17): 2
(35,2,3): 2
(35,2,16): 2
(35,2,9): 2
(35,2,27): 2
(35,2,13): 2
(35,2,11): 2
(35,2,4): 2
(35,2,12): 2
(35,2,33): 2
(36,2,1): 1
(36,2,35): 2
(37,2,1): 2
(37,2,16): 2
(37,2,27): 2
(37,2,34): 2
(37,2,26): 1
(37,2,9): 2
(37,2,36): 2
(37,2,33): 2
(37,2,10): 1
(37,2,12): 2
(37,2,11): 2
(37,2,7): 2
(39,2,8): 2
(39,2,25): 2
(39,2,5): 2
(40,2,7): 2
(40,2,9): 2
(40,2,23): 2
(41,2,25): 2
(41,2,10): 2
(41,2,4): 2
(41,2,18): 2
(41,2,40): 2
(41,2,16): 2
(41,2,31): 2
(41,2,37): 2
(41,2,23): 2
(43,2,41): 2
(43,2,4): 2
(43,2,35): 2
(43,2,16): 2
(43,2,11): 2
(43,2,21): 2
(45,2,17): 2
(45,2,19): 2
(45,2,8): 2
(48,2,47): 2
(49,2,1): 1
(49,2,30): 1
(49,2,18): 1
(50,2,1): 2
(50,2,49): 2
(64,2,33): 2
