(1,2,1): 0
(1,4,1): 0
(1,6,1): 0
(1,8,1): 0
(1,10,1): 0
(1,12,1): 1
(1,14,1): 0
(1,16,1): 1
(1,18,1): 1
(1,20,1): 1
(1,22,1): 1
(1,26,1): 1
(2,2,1): 0
(2,4,1): 0
(2,6,1): 0
(2,8,1): 1
(2,10,1): 1
(2,12,1): 0
(2,16,1): 1
(2,18,1): 1
(2,24,1): 1
(3,2,1): 0
(3,4,1): 0
(3,6,1): 1
(3,8,1): 1
(3,12,1): 1
(3,3,2): 0
(3,5,2): 0
(3,7,2): 1
(4,2,1): 0
(4,4,1): 0
(4,6,1): 1
(4,8,1): 0
(4,10,1): 1
(4,12,1): 1
(4,14,1): 1
(4,16,1): 1
(4,20,1): 1
(4,3,3): 0
(4,5,3): 1
(5,2,1): 0
(5,4,1): 1
(5,6,1): 1
(5,3,2): 0
(5,5,2): 1
(5,2,4): 0
(5,4,4): 0
(5,3,3): 0
(5,5,3): 1
(6,2,1): 0
(6,4,1): 1
(6,6,1): 1
(6,8,1): 1
(6,10,1): 1
(6,14,1): 1
(6,3,5): 0
(7,2,1): 0
(7,4,1): 1
(7,3,3): 0
(7,2,2): 0
(7,4,2): 1
(7,3,6): 1
(7,5,6): 1
(7,2,4): 0
(7,4,4): 1
(7,3,5): 0
(8,2,1): 0
(8,4,1): 1
(8,6,1): 1
(8,2,5): 0
(8,3,3): 1
(9,2,1): 0
(9,4,1): 1
(9,6,1): 1
(9,3,2): 1
(9,2,4): 0
(9,3,8): 0
(9,2,7): 0
(9,3,5): 1
(10,2,1): 0
(10,4,1): 1
(10,8,1): 1
(10,3,7): 1
(10,2,9): 0
(10,3,3): 1
(11,2,1): 1
(11,3,2): 1
(11,2,4): 0
(11,3,8): 1
(11,2,5): 0
(11,3,10): 1
(11,2,9): 0
(11,3,7): 1
(11,2,3): 0
(11,3,6): 1
(12,2,1): 0
(12,4,1): 1
(12,6,1): 0
(12,10,1): 1
(12,3,5): 1
(12,5,5): 1
(12,2,11): 0
(13,2,1): 0
(13,3,2): 1
(13,2,4): 1
(13,2,3): 0
(13,3,6): 1
(13,2,12): 0
(13,3,11): 1
(13,2,9): 0
(13,2,10): 1
(13,3,7): 1
(14,2,1): 1
(14,2,9): 0
(14,3,13): 0
(14,2,11): 0
(15,2,1): 1
(15,2,2): 0
(15,2,4): 0
(15,2,8): 0
(16,2,1): 0
(16,4,1): 1
(16,3,15): 1
(16,2,5): 1
(16,2,13): 1
(17,2,1): 1
(17,2,9): 1
(17,2,13): 0
(17,2,15): 1
(17,2,16): 0
(17,2,8): 1
(17,2,4): 0
(17,2,2): 1
(18,2,1): 0
(18,4,1): 1
(18,2,13): 1
(18,5,17): 0
(18,2,7): 1
(19,2,1): 1
(19,2,4): 1
(19,2,16): 1
(19,2,7): 0
(19,2,9): 1
(19,2,17): 1
(19,2,11): 0
(19,2,6): 1
(19,2,5): 1
(20,2,1): 1
(20,4,1): 1
(20,6,1): 1
(20,3,17): 1
(20,2,7): 1
(20,2,9): 0
(20,3,13): 1
(20,2,3): 1
(21,2,1): 1
(21,2,17): 1
(21,2,16): 1
(21,2,20): 0
(21,2,4): 1
(21,2,5): 1
(22,2,1): 0
(22,2,15): 1
(22,2,5): 1
(22,2,9): 1
(22,2,3): 1
(23,2,2): 1
(23,2,4): 1
(23,2,8): 1
(23,2,16): 1
(23,2,9): 1
(23,2,18): 1
(23,2,13): 1
(23,2,3): 1
(23,2,6): 1
(23,2,12): 1
(24,2,1): 1
(24,4,1): 1
(25,2,1): 0
(25,2,16): 1
(25,2,6): 1
(25,2,24): 0
(25,2,21): 1
(25,2,11): 1
(26,2,17): 0
(26,3,21): 1
(26,2,3): 1
(26,2,9): 1
(26,3,5): 1
(26,2,23): 0
(27,2,1): 1
(27,3,8): 1
(27,2,10): 0
(27,2,19): 0
(27,3,17): 1
(28,2,1): 0
(28,3,17): 1
(28,2,9): 1
(28,2,25): 1
(28,3,5): 1
(29,2,16): 1
(29,2,24): 1
(29,2,7): 1
(29,2,25): 1
(29,2,23): 1
(29,2,20): 1
(30,2,1): 1
(31,2,16): 1
(31,2,8): 1
(31,2,4): 1
(31,2,2): 1
(32,2,1): 1
(32,2,17): 0
(32,3,15): 1
(33,2,1): 1
(34,2,1): 1
(34,2,9): 1
(34,2,15): 1
(34,2,25): 1
(34,2,19): 1
(36,2,1): 1
(36,4,1): 1
(36,2,13): 1
(36,3,17): 0
(36,2,25): 1
(37,2,26): 1
(37,2,10): 1
(38,2,23): 1
(38,2,35): 1
(38,2,9): 1
(38,2,17): 1
(38,2,25): 1
(38,2,5): 1
(39,2,4): 1
(39,2,10): 1
(40,2,1): 1
(42,2,1): 1
(44,2,1): 1
(44,2,37): 1
(44,2,5): 1
(44,2,9): 1
(44,2,25): 1
(45,2,1): 1
(46,2,1): 1
(48,2,1): 1
(49,2,1): 1
(49,2,30): 1
(49,2,18): 1
(52,2,1): 1
(52,2,17): 1
(52,2,25): 0
(52,2,49): 1
(54,2,37): 1
(54,2,19): 1
(60,2,1): 0
(64,2,1): 1
(64,2,49): 1
(64,2,17): 1
(68,2,9): 1
(68,2,49): 1
(68,2,25): 1
(68,2,53): 1
(70,2,1): 1
(72,2,1): 1
(76,2,1): 1
(76,2,45): 1
(76,2,49): 1
(78,2,1): 1
(84,2,37): 1
(84,2,25): 1
(90,3,71): 0
(100,2,1): 1
(108,2,1): 1
(108,2,37): 1
(108,2,73): 1
(126,2,125): 0
(156,2,133): 1
(156,2,61): 1
(180,2,1): 1
